  1.0507314e-003
 -1.8067438e-002
  9.7646223e-003
 -2.7900579e-002
  1.7120383e-002
  3.1478557e-002
  4.8892932e-003
 -1.1577609e-002
 -1.1029946e-002
  2.2733571e-003
  8.2647197e-003
  2.4680953e-003
  4.1443876e-002
  1.3078168e-002
 -3.9222847e-002
 -2.6495042e-002
  1.4137158e-002
 -1.5534649e-002
 -2.0320164e-002
  6.8146411e-003
  3.5181272e-002
 -4.0003655e-002
 -3.2142655e-002
  1.4470237e-002
  6.3170726e-003
 -1.3073255e-003
  4.4691027e-003
 -2.0997103e-002
 -1.0824155e-002
 -2.6980494e-003
 -7.0897182e-003
 -2.4182521e-002
  1.2623859e-002
  3.6731062e-003
  6.6832712e-004
  8.9362361e-003
  2.7243063e-003
  3.1086247e-002
 -1.1924330e-002
 -2.5850299e-002
  2.4356831e-002
  2.1442281e-002
  2.6175306e-002
  4.7687515e-004
  1.8582427e-003
 -1.2562148e-002
  3.6715562e-003
 -2.9862627e-002
 -1.0611359e-002
  6.2961444e-002
 -9.8428808e-003
 -4.9735219e-002
  3.1521560e-003
 -2.8879088e-002
  2.7471474e-003
 -2.8177778e-002
  1.7978674e-002
  4.8665725e-002
 -4.7629654e-002
 -1.6741501e-002
  3.7264289e-002
  1.1525353e-003
  1.6704286e-003
 -1.1632953e-003
 -2.1786590e-002
  3.6298586e-003
 -1.2062362e-002
  7.1769125e-004
 -3.0472635e-003
  9.1738609e-003
  2.7708899e-002
 -1.6992511e-002
  4.8632191e-003
  5.3025642e-003
 -2.8847726e-002
 -8.8363366e-003
 -3.3286854e-003
  1.1551076e-002
 -2.5244265e-002
 -4.1186505e-002
  2.3061375e-002
  1.7830561e-002
  1.2109977e-002
  2.6286357e-003
 -8.0138546e-003
  8.5840237e-003
 -8.6373416e-003
 -3.1801713e-003
 -3.3857834e-004
  2.2751578e-002
  2.7357348e-002
 -1.7583122e-002
 -1.7881494e-002
  2.1357276e-002
  2.4893269e-002
  3.3478261e-002
  2.1165148e-002
  2.9658697e-002
 -4.8142300e-002
  4.2541344e-002
  6.4172718e-003
  1.2614731e-002
  5.7123592e-004
  8.8590294e-003
 -9.0078947e-004
  2.2775481e-002
  1.3132458e-002
  1.0244348e-002
 -2.0727499e-002
 -2.5676767e-003
 -2.7559322e-002
 -2.7389411e-003
 -5.2757760e-003
 -7.4221328e-003
  6.1548219e-003
  2.6170798e-002
 -1.4839184e-002
  1.1376537e-002
 -8.2734902e-003
 -2.2832482e-003
  2.7331753e-002
 -5.5311345e-003
 -1.6896907e-002
  4.8772136e-003
  3.2560064e-002
 -1.3588033e-003
 -2.1139200e-002
 -5.9402986e-003
 -1.7325545e-002
  6.3308731e-003
  5.2125039e-004
  5.4670837e-003
  4.4744128e-002
 -1.0793271e-002
 -6.7002040e-003
  5.1439693e-002
 -3.1297608e-002
  2.0069564e-002
 -3.0664037e-002
  5.8744631e-003
  1.1098890e-002
 -1.5812100e-002
 -1.0575131e-002
 -3.6544827e-002
  4.7128296e-002
 -1.4653749e-002
  2.7826389e-002
  5.3206791e-002
 -1.1345756e-003
 -6.3045142e-004
 -6.2890825e-003
 -6.8826293e-003
  3.3453150e-003
 -3.5190528e-002
 -2.1946822e-002
  1.7803752e-002
 -3.7219055e-003
 -3.3458894e-002
 -1.7939638e-002
 -4.8797826e-003
 -1.5621813e-003
  2.8828628e-005
 -1.2930711e-003
 -1.4519956e-003
  5.5796446e-003
 -3.5210707e-002
 -1.4835331e-002
 -1.8632180e-002
 -1.5129965e-003
 -2.4462750e-002
  3.1041284e-003
 -3.7038285e-002
  8.7792383e-003
  4.1285519e-002
 -2.0536511e-002
  3.5486659e-002
  1.6810293e-002
  5.5112760e-003
 -2.4847462e-002
  1.0212184e-002
