0.000000
0.000000
0.000000
0.000000
0.000000
0.000000
0.000000
0.000000
0.000000
0.000000
0.000000
0.000000
0.000000
0.000000
0.000000
0.000000
0.000000
0.000000
0.000000
0.000000
0.000000
0.000000
0.000000
0.000000
0.000000
0.000000
0.000000
0.000000
0.000000
0.000000
0.000000
0.000000
0.000000
0.004938
0.004938
0.004938
0.004938
0.004938
0.000000
0.000000
0.000000
0.000000
0.000000
0.000000
0.000000
0.000000
0.000000
0.000000
0.000000
0.000000
0.000000
0.000000
0.000000
0.000000
0.000000
0.000000
0.000000
0.000000
0.000000
0.000000
0.000000
0.000000
0.000000
0.000000
0.000000
0.000000
0.000000
0.000000
0.000000
0.000000
0.000000
0.000000
0.000000
0.000000
0.000000
0.000000
0.000000
0.000000
0.000000
0.000000
0.000000
0.000000
0.000000
0.000000
0.000000
0.000000
0.000000
0.000000
0.000000
0.000000
0.000000
0.000000
0.000000
0.000000
0.000000
0.000000
0.000000
0.000000
0.000000
0.000000
0.000000
0.000000
0.000000
0.000000
0.000000
0.000000
0.000000
0.000000
0.000000
0.000000
0.000000
0.000000
0.000000
0.000000
0.000000
0.000000
0.000000
0.000000
0.000000
0.000000
0.963375
0.973375
0.973375
0.988000
1.572500
0.906250
1.045000
1.078687
1.083812
0.514125
0.222000
0.092688
0.063938
0.044188
0.029375
0.024375
0.004938
0.000000
0.000000
0.000000
0.000000
0.000000
0.000000
0.000000
0.000000
0.000000
0.000000
0.000000
0.000000
0.000000
0.000000
0.000000
0.000000
0.000000
0.000000
0.000000
0.000000
0.004938
0.004938
0.004938
0.004938
0.009875
0.004938
0.004938
0.004938
0.004938
0.000000
0.000000
0.000000
0.000000
0.000000
0.004938
0.004938
0.004938
0.004938
0.009875
0.296187
2.915062
63.411316
153.788498
249.528564
349.542297
466.981812
553.885376
623.334717
682.217529
719.750977
674.453064
648.785706
613.935669
553.055908
491.074554
478.677124
394.052429
312.014954
258.718689
209.448441
172.047943
165.580185
178.523682
256.629761
401.953369
538.501831
628.051208
698.564331
710.468689
686.026917
654.315979
697.947205
719.592468
730.713318
723.976196
744.761169
722.408386
703.778503
699.064636
663.134644
626.561218
595.134583
550.493408
491.161987
470.697937
427.708923
371.569061
335.272186
295.150391
239.069382
192.383377
160.255432
127.644440
105.991379
93.470749
84.564125
75.020813
75.129875
78.075691
88.869812
101.928932
142.709930
235.391998
375.832794
484.807434
546.180054
570.181885
498.940857
361.377441
248.735809
179.844879
116.582878
97.995750
92.543129
96.525253
98.215439
117.761810
123.469315
139.080811
204.854431
300.004181
395.654999
486.365204
558.371521
567.214478
530.312195
491.684204
473.594513
472.848053
472.037567
430.894623
357.685944
266.426697
172.942688
82.610001
52.492001
42.308685
40.108063
31.756187
22.921625
14.947001
9.379375
6.643437
6.828437
9.106937
124.432564
320.317810
519.040588
771.732300
979.289795
1010.208801
883.247253
766.886292
543.715576
388.702057
271.458740
210.105316
132.651306
106.502563
136.000565
132.893875
131.227432
129.949554
130.554184
99.106247
105.206871
218.728241
283.208923
366.687439
384.117004
438.242737
456.397308
451.964508
450.114868
431.740051
433.121002
373.715607
379.058105
375.128754
406.502441
360.888489
318.935303
280.856750
236.764816
169.927307
139.340805
109.007309
84.977936
55.409248
43.650497
36.066124
31.616062
25.111063
16.889750
11.493750
6.830937
4.486938
3.320937
2.558750
2.011312
1.338000
0.884000
0.685438
0.299188
0.053875
0.000000
0.000000
0.000000
0.000000
0.000000
0.000000
0.000000
0.000000
0.000000
0.000000
0.000000
0.000000
0.000000
0.000000
0.000000
0.000000
0.000000
0.000000
0.000000
0.000000
0.000000
0.000000
0.000000
0.000000
0.000000
0.000000
0.000000
0.000000
0.000000
0.000000
0.000000
0.000000
0.000000
0.000000
0.000000
0.000000
0.000000
0.000000
0.000000
0.000000
0.000000
0.000000
0.000000
0.000000
0.000000
0.000000
0.004938
0.009875
0.019875
0.029625
0.029625
0.024688
0.019750
0.009750
0.000000
0.000000
0.000000
0.000000
0.000000
0.000000
0.000000
0.000000
0.000000
0.000000
0.000000
0.000000
0.000000
0.000000
0.000000
0.000000
0.000000
0.000000
0.000000
0.000000
0.000000
0.000000
0.004938
0.009938
0.019687
0.024625
0.034375
0.034375
0.029375
0.019625
0.014688
0.004938
0.000000
0.000000
0.000000
0.000000
0.000000
0.000000
0.000000
0.000000
0.000000
0.000000
0.000000
0.000000
0.000000
0.000000
0.000000
0.000000
0.000000
0.000000
0.000000
0.000000
0.000000
0.000000
0.000000
0.000000
0.000000
0.000000
0.000000
0.004938
0.045938
0.112687
0.175625
0.240750
0.305063
0.343125
0.316375
0.288437
0.223312
0.154062
0.075000
0.035000
0.000000
0.000000
0.000000
0.000000
0.000000
0.000000
0.000000
0.000000
0.000000
0.000000
0.000000
0.000000
0.147000
0.780187
2.673875
4.937625
7.686375
10.561875
13.219687
18.698500
25.943501
29.017624
28.772438
27.132687
20.439938
11.470187
6.212812
3.585750
2.162938
1.608500
1.069500
0.504000
0.353750
0.125312
0.000000
0.000000
0.000000
0.000000
0.000000
0.000000
0.000000
0.000000
0.000000
0.000000
0.000000
0.000000
0.000000
0.009750
0.014688
0.014688
0.014688
0.014688
0.004938
0.000000
0.000000
0.000000
0.004938
0.004938
0.004938
0.004938
0.019562
0.034625
0.073750
0.113250
0.177437
0.224063
0.243625
0.229188
0.194625
0.130438
0.069187
0.029625
0.004938
0.000000
0.000000
0.014813
0.039500
0.079062
0.147313
0.194813
0.219500
0.243125
0.274188
0.235625
0.256500
0.227000
0.183687
0.137750
0.141750
0.102250
0.116937
0.116875
0.117188
0.093375
0.074375
0.054625
0.054625
0.029625
0.019750
0.009875
0.014688
0.019750
0.019750
0.019750
0.024750
0.015000
0.009938
0.019687
0.029563
0.024563
0.024563
0.019625
0.009875
0.000000
0.000000
0.000000
0.000000
0.004938
0.004938
0.004938
0.004938
0.004938
0.000000
0.000000
0.004938
0.284313
4.496063
16.204876
20.061375
35.990437
50.150314
52.556751
45.365936
55.070877
50.081375
53.166813
84.226311
125.224251
181.145569
258.380554
324.680878
367.535370
403.080444
412.535797
392.329803
390.808319
397.746674
400.958679
421.949188
450.740692
459.435303
458.479248
464.427307
463.968384
471.095398
489.440063
505.058685
528.765625
535.500305
543.787354
549.872559
555.234558
545.595703
557.628296
569.752991
584.580017
595.662354
600.971375
563.053101
514.274048
429.359314
363.426575
308.650940
299.951050
312.306366
344.424194
371.484802
396.953552
398.385681
371.498199
328.142242
267.234375
200.484879
144.451370
97.491371
74.825874
68.962372
67.401749
76.196999
117.714752
183.373123
219.468124
242.524506
246.879120
220.443497
171.046997
155.217865
151.647064
146.866180
129.403305
106.642059
82.704376
54.188313
30.975124
21.963501
20.306875
15.074688
17.572437
24.094124
43.287251
99.357567
153.646439
205.117188
252.652435
282.483002
273.520447
267.932434
265.140808
255.611755
242.505188
209.489624
164.618134
115.442810
71.943001
35.671688
21.703875
15.542937
13.366750
13.107875
14.750438
13.827312
15.921375
18.651814
18.846188
15.928938
15.311188
37.299313
92.716560
150.148682
178.551193
196.089935
177.667313
121.836998
62.272690
33.533188
15.252812
9.504500
6.326938
6.918938
8.130438
15.664187
79.781120
150.080566
210.198380
261.721802
299.255310
273.172302
246.017059
231.600815
228.377502
232.505997
240.655624
242.390381
236.049942
224.423630
218.637054
219.089371
217.907745
224.254181
232.326431
236.095749
238.216446
245.472748
253.626755
270.917053
278.018311
298.495117
297.602875
302.685364
293.094360
272.544983
230.588928
190.182556
141.222321
99.991501
87.401253
74.534248
67.548752
58.481499
46.812439
25.287500
9.720500
5.504188
10.967187
16.336813
24.483124
136.932632
247.539688
396.828430
580.669434
734.614441
789.644958
863.130554
828.384155
736.038086
607.606812
451.724701
277.986877
161.881195
68.235748
40.429249
37.920437
28.762562
38.739063
88.876747
136.031998
172.926193
223.424316
247.384369
228.915375
214.514191
205.652939
197.963806
200.356812
200.672806
180.187500
150.144058
108.828690
68.423943
33.066128
15.242375
8.045313
5.309688
3.183688
4.327688
6.096688
6.583437
7.421625
35.313625
97.721687
162.923935
216.852249
267.698608
302.110931
306.039185
314.963867
325.908630
349.377136
355.465942
355.385010
319.820435
282.544861
228.744934
174.409180
121.715126
102.611252
90.988503
87.993561
87.150436
89.401375
76.228188
64.926437
48.507751
37.633251
20.235250
12.374937
7.330000
5.386312
2.874187
2.038750
0.808500
0.359187
0.039375
0.000000
0.079375
0.893750
16.390625
71.751625
146.308060
224.004684
314.742432
384.605316
415.308319
423.966888
428.929565
422.735260
413.428955
402.205566
387.662689
371.854248
342.421692
322.183014
296.901367
280.037445
267.921051
257.530823
250.123566
242.060059
226.151749
208.300369
189.851746
165.125366
137.787308
111.022934
81.787308
57.780125
35.935875
22.996439
14.866938
7.821312
5.141938
3.880188
2.985938
2.342937
1.812375
1.543813
1.055875
0.832125
0.569125
0.510625
0.433750
0.399875
0.388812
0.343187
0.345062
0.359937
0.395813
0.366188
0.446562
0.386375
0.389125
0.413750
0.416438
0.343688
0.349500
0.306750
0.276437
0.369125
0.418625
0.584625
0.698375
0.789875
0.864688
0.855750
0.834312
0.806313
0.764188
0.671687
0.724125
0.769125
0.947563
1.009187
1.126875
1.181375
1.230750
1.192625
1.386438
1.648188
1.934438
1.927812
2.042438
1.934188
1.663250
1.306250
1.171250
0.910250
0.754188
0.572000
0.443188
0.345313
0.251188
0.142000
0.088563
0.088500
0.054375
0.192062
0.516000
0.982125
1.656875
3.063000
5.049188
7.720688
10.427063
13.977062
17.757813
19.704874
19.992437
21.054937
19.597813
19.115437
24.254875
25.746376
24.880562
29.299000
77.261436
134.139679
214.175369
296.556305
366.255371
383.130920
396.099670
386.838440
382.594055
395.974060
416.424072
413.504364
390.317505
345.208130
287.103119
221.505630
176.123383
161.181885
161.653748
153.653198
145.950256
121.197502
87.905251
54.301502
31.654814
16.479250
11.525563
7.563313
4.288938
2.766188
1.244688
0.180875
0.000000
0.000000
0.000000
0.000000
0.000000
0.000000
0.000000
0.000000
0.004938
0.023937
0.152938
0.497063
0.836125
1.112750
1.332188
1.281563
0.970688
0.636625
0.355063
0.116625
0.038250
0.005000
0.000000
0.000000
0.000000
0.000000
0.000000
0.009875
0.014875
0.019813
0.024750
0.029688
0.029812
0.039437
0.039437
0.039437
0.034500
0.024500
0.009875
0.004938
0.000000
0.000000
0.000000
0.000000
0.000000
0.000000
0.000000
0.000000
0.000000
0.000000
0.000000
0.000000
0.000000
0.000000
0.000000
0.000000
0.000000
0.000000
0.000000
0.000000
0.000000
0.000000
0.000000
0.000000
0.000000
0.000000
0.000000
0.000000
0.004938
0.014813
0.052813
0.057750
0.067625
0.072438
0.062563
0.034563
0.034563
0.024688
0.014938
0.014938
0.004938
0.000000
0.000000
0.000000
0.000000
0.000000
0.000000
0.000000
0.000000
0.000000
0.004938
0.004938
0.004938
0.004938
0.004938
0.000000
0.000000
0.000000
0.000000
0.000000
0.000000
0.000000
0.000000
0.000000
0.009875
0.039875
0.054500
0.064375
0.104375
0.124125
0.104000
0.094312
0.084437
0.044437
0.014813
0.004938
0.000000
0.000000
0.000000
0.014625
0.029062
0.048813
0.087938
0.164188
0.249563
0.330125
0.396625
0.401500
0.416750
0.385938
0.357938
0.305562
0.290938
0.262937
0.223375
0.180750
0.176875
0.162500
0.108875
0.089000
0.074375
0.059188
0.058625
0.083000
0.132125
0.209875
0.372438
0.593000
1.024875
2.494500
6.046563
23.219563
62.794876
134.428055
263.283325
420.050110
565.368042
740.909546
879.934875
972.112122
1042.464233
1088.528931
1063.432983
1132.242920
1162.473389
1205.072754
1270.824707
1362.602539
1316.912598
1369.486816
1443.493408
1475.727295
1488.487793
1545.656616
1645.699707
1579.042847
1591.853394
1568.802368
1544.906372
1417.473022
1383.130493
1268.204102
1170.788086
1073.137817
968.713501
890.794617
897.351929
982.772827
1076.008301
1223.985718
1347.548462
1354.008423
1262.032837
1091.153320
843.547485
631.821716
483.620361
371.725983
353.311432
408.864685
428.214569
457.723114
509.737061
543.864990
533.657104
602.279358
681.055054
739.720825
741.752808
705.606934
595.716492
476.909119
351.463562
298.660187
279.261139
273.047424
260.197113
268.440186
299.384491
530.768555
769.267212
1028.680908
1206.864624
1264.847534
1176.953369
1175.691040
1024.647339
894.791687
795.041260
626.558472
374.354370
245.031998
171.353745
146.954498
119.132813
115.587433
137.141937
147.947815
140.475494
157.599808
178.990250
194.967056
197.137375
254.583496
277.316376
241.246750
196.396683
175.371063
120.007622
75.259689
59.192497
43.110748
27.974625
12.911062
10.297250
16.987499
28.812626
43.169250
56.363937
81.200874
109.083626
128.830246
153.665741
201.084564
247.020935
291.447754
325.369995
345.610870
332.666260
294.138733
225.272247
161.729065
104.314499
57.355938
24.594938
16.048937
18.283125
22.972689
35.697250
39.516125
46.309311
48.836876
45.350376
34.313938
83.345184
101.653870
134.345627
163.471497
197.616196
213.878189
222.148758
208.266937
204.445068
184.524811
142.064560
129.871872
123.115067
114.861687
121.378815
118.288940
202.724686
286.251801
305.108246
332.560608
341.681061
271.449951
199.460632
182.424438
180.567688
183.983185
171.719940
160.571442
162.940872
131.472122
111.046753
99.937126
90.645500
71.011688
54.394062
37.223248
23.798000
15.670500
20.418062
33.022999
58.659748
95.842064
156.669434
245.043625
324.551300
390.952698
421.169067
411.213928
344.658325
262.994446
173.858444
106.031250
53.015625
21.747999
9.961125
6.566125
4.820000
4.727813
4.420312
3.841125
3.025438
2.214813
1.066437
1.132000
3.142937
28.902061
58.342064
111.682121
175.593307
230.342316
275.615997
291.270630
284.990509
278.512756
281.719574
247.780319
242.441681
221.631317
202.281937
184.178375
177.492004
168.039063
182.214188
200.871567
234.180695
277.719177
323.089813
363.915619
373.384125
358.984497
329.652679
285.676514
217.603256
153.580246
94.606560
51.943001
21.376875
8.698812
6.233438
4.544437
2.737188
1.545688
1.114812
4.765938
9.878438
22.620687
152.851624
459.971375
809.414856
1113.220947
1368.007568
1486.601929
1420.866699
1295.475952
1207.596924
1140.465942
1067.079834
990.824280
896.036316
766.911011
645.255615
560.218994
476.166382
416.341370
427.529938
446.753815
411.880249
389.623688
384.102570
349.868378
331.473572
359.399628
437.642426
659.427490
894.282349
1100.660278
1304.293945
1422.246948
1404.744873
1363.859009
1296.174072
1218.469971
1153.231689
1047.304932
886.536072
720.899109
559.916504
398.531982
256.949799
185.267181
149.408432
112.067307
90.703064
71.524933
45.274189
31.934687
24.288937
20.892250
18.575811
22.734062
38.304688
77.669685
119.869438
164.379440
212.857941
258.292542
289.765045
321.346497
357.908234
396.732758
432.683014
439.781494
440.503876
444.329498
431.459625
393.248627
375.125366
367.823883
345.377441
324.259308
338.373932
348.598694
340.310303
345.444366
350.427856
325.264252
315.592438
313.091675
301.441010
300.449707
308.999756
303.403931
307.454956
302.494263
288.751495
265.588928
256.909058
243.567566
241.331253
235.064560
246.022308
246.675186
244.574432
245.672623
259.049011
263.028748
269.194763
280.853485
293.753632
297.889740
324.524872
341.865997
336.182556
313.288300
280.247803
229.997696
189.405197
155.988632
128.559753
108.599998
87.306625
59.584251
44.658501
31.892813
23.148125
18.292313
25.899376
73.842125
143.309814
223.049744
297.205322
343.315613
307.101135
251.632568
176.417694
103.537560
50.030876
40.487812
32.418373
39.990189
54.899563
69.026253
79.074310
87.892433
99.744003
95.179749
90.595375
94.173309
99.334816
90.547440
97.654686
103.242622
114.893433
140.735306
147.113693
143.563934
152.673874
147.635315
119.763557
111.214058
106.398125
81.180435
56.317249
41.265938
30.249437
20.790251
19.116375
18.366875
16.518436
15.793437
17.609688
19.534187
22.201124
21.222126
20.266624
17.268126
13.154312
8.864375
17.070875
28.625126
51.748627
63.438938
76.380127
82.989380
86.301125
89.081627
95.901939
89.409691
73.596375
58.522064
33.432812
16.462063
12.536124
15.162187
24.361124
41.732998
64.737999
77.340500
87.195251
95.154121
104.673500
112.783562
129.911804
163.566879
197.213745
206.790939
182.880630
155.343063
111.588188
65.973564
85.070625
162.293381
263.052429
383.231323
511.903809
587.221741
583.441772
492.027557
375.484253
248.871445
119.869255
41.392250
29.813000
31.309000
32.418812
33.578499
32.084064
43.968502
150.445999
256.332489
368.924377
491.460693
611.729919
592.313660
572.031067
549.923340
538.488037
506.170380
493.024139
478.432312
453.533020
409.598450
353.211700
299.489075
243.320999
198.008377
147.257629
120.283936
105.654060
96.873558
83.367500
74.908249
58.837124
58.147751
56.225998
61.031250
54.913624
64.657562
85.354439
78.825691
74.173935
78.958748
69.817688
38.824501
33.472500
22.970875
14.420688
9.934438
6.355125
4.244875
2.415625
1.480875
0.929500
0.504250
0.266375
0.195375
0.105625
0.081937
0.091688
0.044313
0.049063
0.053938
0.053875
0.039375
0.064062
0.054313
0.044437
0.140687
0.398813
0.468500
0.575687
0.631562
0.599688
0.390312
0.362938
0.270187
0.253563
0.202875
0.524250
1.339750
2.073188
3.269562
5.344500
7.859375
10.582500
16.349751
19.297688
24.914312
29.851875
31.547813
63.903435
126.274750
208.732254
268.597504
290.473572
259.417938
201.602432
122.074684
77.782188
109.547058
208.166931
360.281494
554.659851
699.568481
737.448486
671.585388
527.507690
333.637360
184.105927
106.741562
80.448311
78.510254
79.586189
334.608704
667.400208
1144.665527
1543.200439
1878.540161
1911.655029
1832.838623
1548.108887
1332.278198
1234.210083
1102.195557
919.382935
740.817627
552.651245
315.651184
149.136566
67.686440
52.191502
56.795376
57.527626
204.349365
352.225800
531.067322
700.869812
869.464722
931.630127
1001.532593
1006.362244
960.984741
939.356506
845.590515
736.638306
671.572388
652.413147
566.976440
497.888947
397.570740
282.484253
174.358490
125.903625
151.402496
203.412186
280.767120
343.255493
389.153015
366.941315
359.573822
309.987061
291.382446
263.680420
246.565125
204.380371
195.559052
178.869186
180.677368
180.004562
203.694321
222.794876
251.193497
254.573502
280.502563
292.726501
292.781128
288.804871
286.321075
281.462372
272.686005
271.369385
259.731140
255.631134
224.360947
198.344131
171.916443
147.608627
130.530884
129.412445
128.905441
124.459503
119.486313
108.829620
92.931938
92.247940
99.867310
125.055313
193.116501
228.545563
239.409561
264.477936
269.510864
228.851624
207.176437
197.052689
155.745193
116.233627
91.469315
80.465439
80.539627
80.860001
85.387314
153.287186
272.949127
305.863434
315.024445
319.503693
338.300751
266.310181
229.726440
224.886124
214.365433
116.941879
62.580688
54.058750
44.315563
40.668312
116.643066
210.005997
240.541931
258.854370
259.524445
179.420242
81.177628
52.197441
39.313438
44.169876
49.596188
49.491501
42.429626
31.227436
19.999687
12.414063
8.920750
6.095625
3.515188
2.146938
1.275687
1.898188
4.661625
8.563812
25.962187
43.403126
58.416874
68.995125
78.784996
73.058624
70.053627
71.292999
69.520996
76.569870
86.218246
101.760750
105.146248
126.441689
146.972061
146.315933
138.716568
141.363068
124.453125
97.126060
95.440063
78.899437
59.104561
44.694626
30.994312
12.418688
6.848187
3.794188
2.120312
2.010062
1.485687
1.256688
0.902000
0.746938
0.661375
0.552063
0.426812
0.347750
0.922375
8.381375
13.349187
15.585938
18.927374
58.072376
180.224686
386.360748
576.262756
817.384888
942.886108
901.105652
788.815247
745.286621
622.273071
521.302795
450.847443
362.005768
222.670502
107.882378
50.585190
79.839561
171.365875
254.304749
334.789551
379.077332
401.806000
358.475006
327.775452
301.049683
297.468323
246.704880
202.211441
151.516373
96.025124
50.943188
34.037876
21.661562
11.350687
8.120063
19.239437
59.501251
238.067383
397.739746
548.040710
665.523560
692.416443
537.863037
388.640259
243.511627
121.192375
71.290062
63.862251
73.601059
87.980942
102.459938
112.731064
114.643066
115.033379
106.385063
98.723938
80.678062
75.275375
64.882439
58.877125
47.904251
38.496876
26.382126
16.365376
10.620563
6.279625
4.930000
3.040750
2.859750
2.571938
3.407875
4.092375
5.579937
36.052063
147.374496
363.032990
652.102478
944.518921
1230.769409
1417.060303
1448.552368
1377.625610
1326.697021
1299.243286
1343.861206
1509.634155
1661.494019
1740.022705
1766.999512
1740.404053
1634.688110
1565.625732
1392.727417
1197.362061
1070.698242
1023.537415
1046.113281
1219.175781
1443.562134
1547.595337
1527.155884
1379.230835
1145.743652
829.734436
552.183411
331.246185
167.186066
88.571503
80.073875
72.985626
61.412750
64.206314
72.343185
70.548561
79.510307
90.288185
85.015869
179.392868
299.201233
387.250427
473.663300
568.798767
556.778442
503.818756
497.162018
493.259888
498.866455
505.838623
518.401672
531.296753
542.068359
533.147095
518.586731
533.671265
512.803223
497.674622
492.013733
500.177246
474.050995
475.065674
466.817810
467.704315
455.536194
453.841370
445.105804
436.909546
414.812073
394.372681
374.918488
367.905182
374.066559
384.305695
396.069061
403.854767
378.121124
332.445862
348.703003
465.849487
571.799316
681.611084
822.214966
937.593750
977.120361
1041.469238
1121.205200
1169.320313
1204.824341
1226.630005
1242.655151
1256.140015
1263.802734
1268.816528
1273.026489
1288.202515
1317.683838
1365.587524
1375.434814
1305.218506
1174.246948
1021.227112
827.713867
612.511292
465.271545
380.374817
318.669312
262.215698
222.664505
184.028122
130.184937
68.877747
37.990875
27.941126
22.265938
17.088125
10.543438
5.849312
3.357750
2.320250
1.267375
0.511625
0.488250
0.847750
2.292125
9.418500
22.488501
30.612062
33.676937
35.881939
32.151939
26.039501
114.493439
260.513824
392.796875
527.796326
643.322266
662.198181
537.665894
413.427277
285.328827
167.912445
81.221878
70.331062
63.655441
120.229004
264.445496
360.785645
517.663086
696.812622
801.651489
810.369629
855.000610
846.159485
803.048645
762.636108
699.591858
573.290344
428.108673
304.053436
196.179504
119.897003
92.666374
103.787560
165.273071
278.356873
399.793640
579.614990
773.391724
895.289429
964.837891
1007.293884
961.675171
866.083801
796.214294
741.173340
678.808044
555.298157
437.310699
313.303192
169.033066
52.336876
29.201124
24.036438
21.055813
19.078438
131.201569
266.473572
415.744049
552.137329
649.737000
585.239380
498.276489
390.341919
311.593567
253.105316
245.667313
218.139313
197.543930
166.571808
156.733810
151.776505
170.430939
214.239746
239.009506
260.845123
265.364563
242.653122
183.473618
133.763992
80.189499
38.270187
18.506250
16.910749
17.936001
69.214935
204.758057
353.081879
495.733307
641.760010
742.714172
751.203979
757.503601
752.262939
723.937012
642.325317
515.982788
378.363861
246.838684
134.096680
77.266685
81.891312
84.347252
133.146622
213.967377
294.161316
379.260803
425.867798
430.881927
409.581055
372.705750
304.119507
267.719574
218.050446
158.656815
117.550934
114.016129
132.068130
179.710632
228.703384
264.110443
282.494263
288.308197
284.395935
282.065674
289.439758
303.856873
327.721191
355.296448
388.103943
420.041382
435.842865
447.970367
432.275879
409.264374
391.706299
404.491302
411.825012
435.191620
473.800629
494.453125
487.297882
480.037384
405.958740
313.616241
224.924622
138.128937
52.382999
39.488876
34.577999
67.041809
175.097748
348.269745
496.329742
608.062622
663.253418
623.310913
504.219879
401.109375
322.232391
267.619873
239.408630
224.382248
216.258621
220.229507
221.346939
215.752121
194.021500
169.283936
133.373062
95.178688
59.314812
39.421814
19.474564
9.930813
6.986625
5.010875
3.239750
2.522687
2.295437
2.230125
1.972312
2.181688
2.182312
2.139563
2.298250
2.471875
2.564312
2.691813
2.747688
2.848000
3.037437
2.891250
2.779938
2.754937
2.553500
2.515812
2.546937
2.348750
2.210375
1.983750
1.558750
1.335125
1.330063
1.236313
1.191437
1.160625
1.096125
1.156813
1.099313
0.946688
0.855625
0.750125
0.438750
0.298187
0.232438
0.161938
0.097188
0.082813
0.068375
0.058875
0.039375
0.102875
2.375750
7.992875
8.635125
8.904813
9.321563
10.569750
49.610748
67.046875
115.111687
159.062683
219.807190
234.823944
290.893311
311.133057
335.724060
354.237488
385.015869
403.147125
425.808685
454.979187
467.607300
451.577820
443.213318
439.936981
415.259491
387.146240
388.166351
370.924103
331.962616
314.221069
294.239807
257.204681
226.284683
210.798431
188.396500
178.793243
177.315933
181.316818
182.993561
185.843002
184.820313
181.986008
176.154251
175.067001
170.295120
169.263870
164.021255
157.223373
149.020508
140.561447
123.668564
108.048691
83.616005
61.232628
40.037624
22.295437
10.224813
8.539250
5.555375
4.248625
3.565687
2.441688
1.469500
1.025375
0.581625
0.263563
0.233313
0.209500
0.122500
0.072437
0.048188
0.053250
0.108750
0.137250
0.754687
1.371187
1.811687
2.261875
2.650250
2.399812
2.033312
1.821750
1.527313
1.388625
1.234687
1.130062
1.036625
0.920438
0.897937
0.842937
0.800563
0.792875
0.780062
0.583125
0.454125
0.366125
0.228437
0.136937
0.078188
0.053688
0.058375
0.072438
0.082188
0.732562
15.907000
75.334061
195.341309
362.745422
457.598633
501.727814
473.038544
382.962433
267.986328
284.594116
388.553986
564.252502
750.354004
905.596802
981.127136
1031.933594
1070.415283
1124.839966
1180.448242
1159.833740
1020.819824
816.589111
630.606018
445.882446
389.516296
419.785950
484.271820
508.990936
532.696838
522.115845
545.135559
548.595154
560.908752
568.641541
574.061462
591.754944
647.894043
669.678955
608.510681
514.047424
377.494263
222.025497
86.719749
51.414936
53.673000
283.964813
776.995667
1305.717651
1913.879028
2565.009277
2921.040527
2832.724121
2589.734619
2146.675293
1652.077881
1213.797729
970.896484
834.522278
829.394531
836.408752
845.953186
817.789368
732.575195
587.512207
426.972565
275.540253
155.669067
98.603874
99.825874
142.839371
256.742004
351.417480
425.484741
498.625732
546.022888
536.948303
535.864075
558.140503
542.882996
516.152893
454.166321
431.055573
405.243988
366.844818
318.006683
293.796112
233.586746
178.050247
158.758621
163.087372
203.873444
288.652893
462.408386
639.434204
809.384033
989.310608
1041.775757
1081.260742
1138.289673
1049.627441
1022.328186
966.489380
921.775391
721.459473
695.321655
545.198242
517.329407
398.385986
497.266266
474.830811
612.251831
612.326660
768.162537
674.205994
786.547180
635.922546
634.211792
587.700745
629.633789
558.976013
621.320129
603.293396
471.265869
406.763245
349.529510
279.113190
228.041687
215.530121
180.721115
140.597626
105.810562
92.406815
63.796124
59.376186
48.488064
28.077688
50.956875
64.697128
112.016441
183.216568
254.712875
305.920258
361.714752
350.312256
291.454010
224.431000
152.112381
69.029564
29.292063
19.585564
16.940187
15.621750
17.450062
17.545063
15.519375
14.971063
13.909312
44.396313
130.439804
218.811615
276.017609
302.868866
290.337921
204.481369
117.713371
63.287624
37.472187
17.799126
22.569687
35.832626
43.862625
63.931812
225.800812
411.524689
554.877014
700.108154
819.460754
803.305603
661.363647
518.311768
372.330566
234.497131
91.911499
55.796062
139.751068
263.019562
410.479370
564.389526
709.301331
734.852600
635.841553
508.025116
364.890625
219.220123
110.378876
93.107376
86.404251
108.742752
156.702377
213.971619
263.413116
325.589050
373.109192
376.372681
369.601929
368.332184
334.924927
257.472687
197.975754
134.037567
69.697937
26.601126
21.132126
17.734812
18.253250
21.018875
21.990126
23.494249
138.407623
253.121368
372.342255
474.031982
571.881592
570.033813
568.917175
578.223694
590.917358
613.413391
609.864441
595.368591
563.239258
528.666565
481.714752
440.481232
393.230316
341.260010
302.187256
267.967682
235.378311
216.377747
198.390503
184.441254
168.029694
151.837814
132.461060
120.418442
106.390938
91.996185
75.269753
58.523499
39.984501
23.646688
11.180187
5.368125
3.592125
1.849125
1.229437
0.662625
0.692125
0.677125
0.530000
0.434375
0.392062
0.255250
0.226375
0.250750
0.200250
0.190812
0.194937
0.176375
0.221312
0.239438
0.247187
0.217875
0.227938
0.208188
0.195812
0.271812
0.324937
0.354500
0.365813
0.428750
0.345000
0.315625
0.290812
0.269000
0.216438
0.222188
0.226187
0.181812
0.152500
0.112438
0.082375
0.034500
0.049000
0.044188
0.039250
0.039313
0.043875
0.053250
0.302125
1.961625
25.131624
26.379688
27.704063
69.238312
99.571060
164.511810
211.300552
256.228180
321.086182
345.867371
339.286438
341.616699
365.508057
346.268005
340.057068
335.907074
379.142700
355.438446
325.372437
344.695953
350.666138
307.065491
339.000824
321.048309
285.984802
235.401443
216.330688
194.064880
219.977249
216.187256
203.926636
221.248627
208.385376
157.477692
153.598938
146.769501
100.816002
58.429375
44.668312
17.882689
4.942187
5.854750
7.778375
7.944500
8.871875
8.553312
5.602750
2.962375
2.239875
0.993250
0.585563
0.363063
0.201938
0.147188
0.098313
0.083500
0.054563
0.128875
0.113812
0.133312
0.138250
0.123313
0.039250
0.053313
0.204125
4.211187
22.435812
42.293938
74.501190
120.075439
174.967010
229.651947
308.936432
395.955933
478.916077
549.087402
596.527954
613.162476
604.682129
571.194946
524.315063
442.371826
350.737122
253.518372
165.309509
86.736504
50.712437
27.858063
15.019438
8.939188
5.713313
9.224125
22.370937
25.416376
48.165749
158.280380
261.536072
371.298645
504.728241
600.015076
593.485046
586.298340
558.959045
503.334259
478.787048
464.644318
439.030243
441.552063
442.183441
434.891052
433.396057
432.795990
418.243805
424.351685
405.726929
401.903503
405.060120
384.495422
376.678436
374.878174
357.708618
352.402008
341.500610
326.723999
322.580139
305.928131
294.884125
289.455444
282.058441
278.269806
275.131500
270.369049
267.297546
257.015930
252.398438
251.150375
244.960693
260.036377
256.782501
248.421555
245.357193
228.689621
213.527374
206.390182
194.926819
190.544556
183.778305
172.674805
162.438126
164.147934
153.600693
151.382751
145.421692
142.361374
134.646500
122.125809
122.275314
121.894875
120.727684
114.658249
121.623627
108.146248
88.518684
69.119690
48.589874
27.055187
15.237000
7.879250
4.312000
2.724625
1.550187
0.793688
0.449000
0.255000
0.130750
0.087188
0.062500
0.062500
0.057688
0.052938
0.043188
0.014875
0.019813
0.019813
0.019813
0.024750
0.024750
0.543812
6.744375
11.804125
96.144188
303.298492
528.143005
706.820251
872.641846
952.489136
897.869934
807.301086
742.247253
687.362183
641.061035
620.895996
567.242371
547.211304
558.645081
531.171875
494.320496
521.519470
530.356750
478.650482
425.443939
376.303741
323.279297
248.357620
214.778687
225.380814
195.180130
183.580002
181.928680
178.227997
155.850372
151.097443
119.431374
95.803497
70.546875
62.020939
66.861504
68.900253
76.766998
91.882874
126.578003
171.072495
201.881744
229.685257
247.811569
236.826691
192.661560
152.074188
111.411186
67.222000
33.900814
57.266937
141.124435
241.821182
340.119934
411.272491
417.776489
373.359009
301.299988
231.837631
164.493500
122.811691
82.282066
52.060814
21.721813
11.250188
6.504500
3.563125
1.779250
1.108875
0.507563
0.495187
0.220938
0.186062
0.128000
0.113438
0.088375
0.088375
0.063562
0.073188
0.058187
0.058187
0.048438
0.048625
0.064562
0.167125
0.494563
2.298063
8.692313
11.210938
11.431376
11.173313
9.394313
3.074188
1.033750
1.947375
13.011188
41.916687
113.031685
222.659241
353.297943
447.943451
456.129700
407.542145
325.068878
234.916504
167.597870
162.615005
194.291183
202.322815
211.508621
289.234863
426.119019
549.786865
691.423584
817.364197
935.019958
945.917419
836.197937
707.547119
568.939758
384.429932
286.757446
335.801697
416.871674
567.992188
714.301514
778.595764
769.006226
730.373535
624.995483
521.754028
468.286499
473.835999
511.506134
562.360962
592.620483
620.809753
621.540771
593.339111
552.484741
496.422363
438.231384
389.665375
350.239624
316.313507
311.829620
311.364990
320.198486
337.924744
367.134125
405.278564
441.952576
475.889679
496.817566
498.102203
477.039490
441.500244
394.778625
352.919495
321.615875
286.103363
240.850754
186.961502
133.170242
82.973938
53.094627
51.030437
54.597000
67.054878
74.210754
71.496941
68.306122
76.072563
70.237373
66.451309
63.096313
100.443062
178.645370
287.792938
395.147552
510.596680
574.339905
586.371948
564.375427
541.312317
519.200134
498.179749
476.194824
467.672882
461.603638
451.721069
445.333923
443.194427
435.241241
425.748199
407.718567
389.488800
374.035431
358.786255
339.291931
322.195953
312.197266
289.640808
271.128571
251.325195
223.950500
178.885071
134.921127
89.124374
48.205437
20.038563
6.762125
3.998000
2.235437
1.554188
1.160125
0.879500
0.629438
0.516062
0.286500
0.181750
0.130063
0.124375
0.095875
0.076125
0.062812
0.067375
0.053312
0.048563
0.053437
0.079000
0.074313
0.074313
0.069312
0.069313
0.029313
0.024500
0.019563
0.024500
0.014813
0.014813
0.019625
0.043625
0.048437
0.048437
0.063250
0.063250
0.039250
0.034437
0.034500
0.038938
0.043625
0.058375
0.067875
0.062875
0.048562
0.034125
0.033813
0.029375
0.034375
0.054437
0.112375
0.122000
0.121875
0.136375
0.116375
0.058438
0.039375
0.039375
0.019875
0.024625
0.029563
0.039187
0.044188
0.053938
0.064188
0.069000
0.069000
0.063875
0.059062
0.049063
0.049188
0.039500
0.034750
0.034750
0.044000
0.057563
0.057563
0.057500
0.057500
0.038250
0.019813
0.014875
0.014938
0.019750
0.024688
0.034500
0.044250
0.076250
0.071438
0.066500
0.061563
0.051812
0.019750
0.074250
6.995500
44.449375
125.209816
240.344620
395.649689
523.421692
545.484436
482.854858
423.803741
344.039368
231.675125
235.143616
357.690247
495.307251
561.689636
612.516479
581.861206
455.708313
279.004059
157.373688
101.891815
113.835938
262.121307
421.772430
615.261169
778.039917
889.743591
892.885864
792.043579
598.383057
438.922302
294.112000
134.743256
65.168999
67.744621
67.892876
81.390686
81.530434
82.629684
106.334999
147.453751
171.791245
206.298309
235.140808
219.972443
185.168121
159.541626
134.065872
110.950127
94.238121
75.782623
74.164749
78.393059
123.519432
162.529800
217.930054
235.484436
240.474686
221.745941
201.745941
170.396500
151.336746
138.318130
103.731003
77.127876
63.396561
67.453812
131.339310
141.848434
151.052246
150.460876
136.100571
67.471436
56.777061
43.857750
26.588562
24.237999
54.068188
106.212746
152.335678
200.461121
209.526367
191.137817
157.414124
150.038193
173.932632
181.612000
195.612000
228.627823
204.882065
144.373062
125.102814
95.780937
44.781624
72.264626
92.476563
113.161568
131.861374
161.651382
146.341248
135.417191
134.691132
132.403320
115.773315
101.704567
97.966499
97.584373
103.014252
110.456062
120.728065
121.337372
117.624878
106.169121
116.302498
111.325874
108.381500
118.675934
121.532806
112.557686
103.261497
91.724808
65.780807
54.450436
31.257374
24.257687
22.138124
18.808500
14.715250
11.879126
6.969687
4.892688
3.229563
2.214813
1.404312
1.042500
0.659813
0.426812
0.301313
0.358063
0.285500
0.246563
0.203313
0.342312
0.439562
0.578750
0.927938
1.170250
1.446500
1.580813
1.782938
1.919250
2.249938
2.381938
2.756875
2.760188
2.914813
2.712125
2.523375
2.381000
2.942063
3.350875
4.194813
4.854688
6.198688
6.367125
7.079813
8.022437
9.053500
9.012438
11.937125
15.643938
16.080187
15.339125
15.030313
13.003563
9.336250
7.902625
7.891063
7.242188
6.093312
5.446375
4.827625
4.225438
3.790250
3.293375
2.359688
1.794625
1.090250
0.614313
0.254313
0.004938
0.000000
0.000000
0.000000
0.000000
0.000000
0.000000
0.000000
0.000000
0.000000
0.000000
0.000000
0.000000
0.000000
0.000000
0.000000
0.000000
0.000000
0.000000
0.000000
0.000000
0.000000
0.000000
0.000000
0.000000
0.000000
0.000000
0.000000
0.000000
0.000000
0.000000
0.000000
0.000000
0.000000
0.000000
0.000000
0.000000
0.000000
0.000000
0.000000
0.000000
0.000000
0.000000
0.000000
0.000000
0.000000
0.000000
0.000000
0.000000
0.000000
0.000000
0.000000
0.000000
0.000000
0.000000
0.000000
0.000000
0.000000
0.000000
0.000000
0.000000
0.000000
0.000000
0.000000
0.000000
0.000000
0.000000
0.000000
0.000000
0.000000
0.000000
0.000000
0.000000
0.000000
0.000000
0.000000
0.000000
0.000000
0.000000
0.000000
0.000000
0.000000
0.000000
0.000000
0.000000
0.000000
0.000000
0.000000
0.000000
0.000000
0.000000
0.000000
0.000000
0.000000
0.000000
0.000000
0.000000
0.000000
0.000000
0.000000
0.000000
0.000000
0.000000
0.000000
0.000000
0.000000
0.000000
0.000000
0.000000
0.000000
0.000000
0.000000
0.000000
0.000000
0.000000
0.000000
0.000000
0.000000
0.000000
0.000000
0.000000
0.000000
0.000000
0.000000
0.000000
0.000000
0.000000
0.000000
0.000000
0.000000
0.000000
0.000000
0.000000
0.000000
0.000000
0.000000
0.000000
0.000000
0.000000
0.000000
0.000000
0.000000
0.000000
0.000000
0.000000
0.000000
0.009875
0.014813
0.019750
0.024688
0.029688
0.019813
0.014875
0.014938
0.019750
0.029375
0.034313
0.044188
0.062937
0.058187
0.043563
0.048625
0.038750
0.049750
0.049688
0.054625
0.054500
0.064250
0.044125
0.053813
0.073625
0.063750
0.054000
0.039375
0.024750
0.004938
0.004938
0.004938
0.004938
0.004938
0.014437
0.014437
0.024312
0.047750
0.057500
0.043063
0.043063
0.047812
0.029313
0.024563
0.034437
0.044312
0.048937
0.049000
0.053875
0.277437
1.145500
33.810562
140.565689
300.318298
529.122375
800.050659
1044.484375
1228.241211
1366.336670
1431.041382
1450.987671
1464.923706
1470.661987
1482.140747
1490.785034
1499.713135
1512.884521
1511.670654
1498.246460
1480.357422
1482.270508
1460.963623
1452.755981
1438.291016
1424.640991
1377.189941
1327.617432
1271.115845
1216.697266
1163.709717
1120.494141
1084.510254
1034.308838
978.573486
932.058289
879.273071
828.965942
776.380005
724.813721
641.778687
548.615295
456.025940
404.449371
316.792755
292.736237
305.186249
327.799744
365.962311
461.735321
514.887329
540.157837
559.475708
527.566040
494.497681
468.072510
455.455383
442.793365
447.915741
430.471008
416.326324
386.500061
370.306000
352.658752
336.510437
318.428894
319.616516
302.373505
287.714813
275.822998
267.287994
251.125870
242.818054
222.155441
198.299316
152.754929
110.375565
75.458252
43.039936
18.526814
14.392438
11.012688
12.076813
44.509811
72.512436
111.823059
154.796066
181.773941
184.741119
195.729874
195.630936
194.775620
200.090500
201.990936
198.524811
195.124374
185.666382
182.020569
176.464752
167.121750
160.973495
153.896805
145.230560
134.979874
129.819748
118.780373
111.761063
93.880371
77.447876
60.697811
44.631687
26.750875
17.846561
11.400249
6.400187
3.429312
2.350688
1.282688
2.648438
3.960938
6.134812
7.367312
10.079937
9.909062
9.156875
24.014875
90.461128
168.300491
228.470184
285.424866
319.737122
302.012115
273.231873
255.462875
234.378128
217.915619
200.090622
183.283371
169.886871
164.188248
164.403381
167.049500
167.930496
158.587372
146.827621
136.048370
116.837997
99.670563
88.348564
85.943565
75.543816
68.672562
53.153126
50.727249
57.971748
85.129120
116.349495
155.136368
179.248505
177.587494
152.149246
123.798439
93.145935
71.923561
60.986561
57.575562
54.933125
47.236874
40.411877
30.582001
19.439625
11.298500
8.573250
5.462875
4.275250
3.279625
2.557812
1.546813
1.074813
0.833812
1.192375
1.073438
0.972938
0.825063
0.696500
0.133188
0.222188
3.130687
23.670938
48.311501
71.273125
92.512001
109.162872
107.869377
103.223251
98.815186
94.290184
89.280563
82.951309
72.449684
67.046371
65.662811
58.105999
51.461563
58.223938
59.133438
47.517815
42.976002
37.632813
22.206938
8.894938
5.472125
3.590563
3.107563
2.431437
1.713938
1.268313
0.674250
0.212625
0.083500
2.970375
15.098750
21.330626
22.048750
22.295563
19.816999
7.952375
1.832500
1.377563
1.208500
0.871437
0.674250
0.704750
0.585437
0.567187
0.537938
0.545500
0.450750
0.371125
0.320313
0.262062
0.237937
0.200062
0.160500
0.142188
0.138187
0.102812
0.112438
0.097750
0.087938
0.087438
0.101687
0.115000
0.133875
0.114750
0.132500
0.127375
0.109375
0.090250
0.095063
0.063000
0.053688
0.053688
0.043938
0.039188
0.034250
0.019813
0.005000
0.005000
0.000000
0.000000
0.000000
0.000000
0.000000
0.000000
0.000000
0.000000
0.000000
0.000000
0.000000
0.283000
25.808125
54.181999
108.024498
178.989120
251.559875
287.441498
312.672607
275.871246
215.301880
159.073120
109.492874
65.919754
57.960373
55.782623
47.920502
42.072937
36.748749
30.213501
24.152750
16.063000
10.243563
5.825812
3.544187
1.654438
1.005937
0.846438
0.556500
0.291625
0.024625
0.000000
0.000000
0.000000
0.000000
0.000000
0.000000
0.000000
0.000000
0.000000
0.000000
0.000000
0.000000
0.000000
0.000000
0.000000
0.004938
0.014813
0.024688
0.029625
0.029625
0.024688
0.014813
0.004938
0.000000
0.000000
0.000000
0.000000
0.000000
0.000000
0.000000
0.000000
0.000000
0.000000
0.000000
0.000000
0.000000
0.000000
0.000000
0.000000
0.000000
0.000000
0.000000
0.000000
0.000000
0.000000
0.000000
0.000000
0.000000
0.000000
0.000000
0.000000
0.000000
0.000000
0.000000
0.000000
0.000000
0.000000
0.000000
0.000000
0.000000
0.000000
0.000000
0.000000
0.000000
0.000000
0.000000
0.000000
0.000000
0.000000
0.000000
0.000000
0.000000
0.000000
0.000000
0.000000
0.000000
0.000000
0.000000
0.000000
0.000000
0.000000
0.000000
0.000000
0.000000
0.005000
0.010000
0.010000
0.010000
0.010000
0.005000
0.000000
0.000000
0.000000
0.000000
0.000000
0.000000
0.000000
0.000000
0.000000
0.000000
0.000000
0.005000
0.029375
0.029375
0.029375
0.029375
0.024375
0.000000
0.000000
0.000000
0.000000
0.000000
0.000000
0.000000
0.000000
0.000000
0.000000
0.000000
0.000000
0.000000
0.000000
0.000000
0.009750
0.009750
0.009750
0.009750
0.009750
0.000000
0.000000
0.000000
0.000000
0.000000
0.000000
0.000000
0.000000
0.000000
0.000000
0.000000
0.000000
0.000000
0.010000
0.034063
0.034063
0.058438
0.063375
0.053375
0.029313
0.029313
0.004938
0.000000
0.000000
0.000000
0.000000
0.000000
0.000000
0.000000
0.000000
0.000000
0.000000
0.000000
0.000000
0.000000
0.000000
0.000000
0.000000
0.000000
0.000000
0.000000
0.000000
0.000000
0.000000
0.000000
0.000000
0.000000
0.000000
0.000000
0.000000
0.000000
0.000000
0.000000
0.000000
0.000000
0.000000
0.000000
0.000000
0.000000
0.000000
0.000000
0.000000
0.000000
0.000000
0.000000
0.000000
0.000000
0.000000
0.000000
0.000000
0.000000
0.000000
0.000000
0.000000
0.000000
0.000000
0.000000
0.000000
0.000000
0.000000
0.009875
0.009875
0.019750
0.024688
0.024688
0.014813
0.014813
0.009875
0.004938
0.014688
0.024438
0.024438
0.019500
0.019500
0.009750
0.000000
0.000000
0.000000
0.000000
0.000000
0.000000
0.000000
0.000000
0.000000
0.000000
0.000000
0.000000
0.000000
0.000000
0.000000
0.000000
0.000000
0.000000
0.000000
0.000000
0.000000
0.000000
0.000000
0.000000
0.000000
0.000000
0.000000
0.000000
0.000000
0.000000
0.000000
0.000000
0.000000
0.000000
0.000000
0.000000
0.000000
0.000000
0.000000
0.000000
0.000000
0.000000
0.000000
0.000000
0.004938
0.004938
0.004938
0.004938
0.004938
0.000000
0.000000
0.000000
0.000000
0.000000
0.000000
0.000000
0.000000
0.000000
0.000000
0.000000
0.000000
0.000000
0.000000
0.000000
0.000000
0.000000
0.000000
0.000000
0.000000
0.000000
0.000000
0.000000
0.000000
0.000000
0.000000
0.000000
0.000000
0.000000
0.000000
0.000000
0.000000
0.000000
0.000000
0.000000
0.000000
0.000000
0.000000
0.000000
0.000000
0.000000
0.000000
0.000000
0.000000
0.000000
0.000000
0.000000
0.000000
0.000000
0.000000
0.000000
0.000000
0.000000
0.000000
0.000000
0.000000
0.000000
0.000000
0.000000
0.000000
0.000000
0.000000
0.000000
0.000000
0.000000
0.000000
0.000000
0.000000
0.000000
0.000000
0.000000
0.000000
0.000000
0.000000
0.000000
0.000000
0.000000
0.000000
0.000000
0.000000
0.000000
0.000000
0.000000
0.000000
0.000000
0.000000
0.000000
0.000000
0.000000
0.000000
0.000000
0.000000
0.000000
0.000000
0.000000
0.000000
0.000000
0.000000
0.004938
0.004938
0.004938
0.009875
0.014875
0.019813
0.019813
0.019813
0.014875
0.009875
0.000000
0.000000
0.000000
0.000000
0.000000
0.000000
0.000000
0.000000
0.000000
0.000000
0.000000
0.000000
0.000000
0.000000
0.000000
0.000000
0.000000
0.000000
0.000000
0.000000
0.000000
0.004938
2.192437
6.547437
7.018875
7.368813
7.682188
5.644688
1.536062
1.269000
1.063125
0.856062
0.771937
0.594938
0.459187
0.353625
0.267062
0.211063
0.151437
0.107813
0.084312
0.064625
0.108875
3.378250
7.879625
11.020937
32.283501
53.799248
103.251938
133.072433
197.813629
237.226059
328.666168
379.383423
448.032196
462.561676
486.151428
447.686951
422.551880
405.764893
407.881805
411.380188
423.058563
424.122803
409.814178
391.391754
377.645874
369.882813
367.510071
376.120941
389.099426
390.894196
379.050995
381.495514
384.729889
383.254578
376.912567
367.374634
347.689636
316.085449
278.760925
248.748383
229.593384
199.576065
175.465256
152.007568
123.160873
87.735001
59.761436
33.126812
17.106438
7.098187
4.819375
3.828875
10.250751
11.737375
13.056875
16.627375
19.828125
14.747437
14.086562
20.411438
85.591560
168.629059
245.080185
315.871002
372.631256
367.166748
337.836823
307.932953
288.710815
269.106689
255.051880
241.237320
232.017807
218.449692
211.526932
203.522507
198.441498
190.784058
182.759125
179.676880
165.936996
158.841751
155.086502
147.777756
138.594696
132.235184
113.753815
92.326935
70.665062
57.670998
62.013687
104.496063
157.076065
216.616684
266.010193
282.896820
267.301422
231.874435
181.111877
122.510185
82.763252
45.165688
22.732313
12.964375
10.802000
9.337250
8.087313
7.578187
6.809187
5.734375
5.115500
4.822688
4.097188
3.845500
3.708375
3.503875
2.744500
2.238563
1.783750
1.140375
0.608375
0.440438
0.236375
0.112125
0.511125
7.162563
21.968437
46.696499
204.433990
418.770020
654.165833
888.042725
1122.394653
1210.846436
1217.816650
1196.383179
1093.022705
997.398682
894.383179
823.192871
738.588745
745.128235
714.240295
708.141724
699.297668
717.869385
695.265259
669.361389
690.207214
708.091675
724.407166
765.988586
850.337097
886.993042
933.554932
948.406921
952.460815
913.420105
871.420654
822.722595
809.061646
788.933533
777.844055
740.782776
687.670776
631.229065
602.042236
594.238220
611.449402
613.577026
587.152710
549.934448
503.568329
438.274384
405.930328
396.589050
392.188812
386.740753
407.763184
424.593262
439.059265
454.089508
487.670502
515.109924
549.345947
583.601624
609.259888
619.236755
622.058594
606.373840
589.434448
579.869446
585.766724
603.906982
645.839722
723.445496
775.723755
714.256775
659.082458
552.549194
417.420685
283.674927
227.494125
156.451431
254.128815
418.084076
667.527039
854.214172
994.874817
1018.138184
914.213196
713.970703
586.044495
496.272125
407.241486
386.774109
411.814850
465.166809
528.282532
529.488892
462.923798
395.976685
293.940369
195.946747
150.467499
208.927505
210.211121
216.572571
206.187744
295.820435
408.487305
600.409790
802.181885
947.669495
958.951294
851.149231
712.271240
536.146240
448.586426
394.128204
379.851074
372.492493
408.503143
412.654388
402.273621
387.947693
366.619263
341.442566
328.267059
335.863678
344.448700
337.048950
329.320313
322.398865
306.107056
339.366821
381.662323
418.405243
462.736572
490.154755
448.378265
396.072510
359.024994
322.399139
298.672638
297.202057
324.500946
420.005829
515.402466
578.464417
636.906311
704.727600
683.750244
645.618347
669.228821
716.355042
741.374268
789.654602
853.380737
891.617310
906.117249
895.585693
863.798950
820.173950
743.258911
685.721863
677.019897
688.766968
698.607849
698.102356
742.872192
765.080994
696.941223
689.413208
661.633057
593.112061
488.607452
434.717438
298.837891
228.926636
163.944443
113.596252
103.276505
105.605629
126.879005
127.646942
147.171509
151.280136
175.104385
183.943008
193.849564
192.151245
175.991684
154.917007
133.844498
154.472931
243.763062
443.395569
636.826477
723.780273
727.672791
658.583679
496.180359
319.013855
265.912567
256.489105
263.587799
223.465622
204.366425
166.520187
115.525185
59.907436
54.552628
51.275188
42.611313
37.762249
34.656502
91.116127
154.648636
227.425064
300.534943
365.142456
339.066956
302.996613
254.090179
213.496567
183.959564
184.219803
187.567932
193.488190
192.800812
201.675995
217.108566
233.512680
259.207062
279.274445
287.592865
285.668121
277.868256
258.246124
239.184311
199.291687
160.370880
129.183258
99.022873
72.255936
71.384933
65.560745
54.011562
44.255436
40.544437
30.837187
93.398254
196.906876
263.312683
337.868195
364.529388
350.836639
283.152863
262.758179
221.283005
254.324692
277.827759
314.958618
348.134613
379.005493
380.939178
362.519745
337.878998
297.519012
270.889801
245.023560
218.275055
194.406433
228.979446
273.463928
318.114258
353.548126
378.840942
340.493042
292.842804
244.744308
218.292252
208.388062
211.994934
218.820938
228.748810
224.382874
225.436874
231.077744
224.612747
211.296249
207.345367
198.934631
193.884628
196.745880
198.673492
214.630188
225.534943
223.305191
227.586441
227.597748
225.439804
233.533691
231.154938
226.232819
208.074127
193.532562
178.341187
154.831818
122.741997
163.590500
166.359314
150.199432
138.017563
150.913132
112.804810
96.141685
94.225311
103.061066
92.209373
81.994690
67.663689
49.549438
38.947311
27.265875
17.182249
11.489000
6.327375
3.577500
2.057750
1.269625
0.664875
0.271500
0.156312
0.146062
0.317500
1.331500
3.594125
52.027687
121.162750
198.038818
275.105682
329.190704
328.101135
296.767761
243.410248
181.871750
145.811630
119.762688
105.344246
109.902496
121.957001
143.447632
160.094254
159.185806
144.277878
125.744125
91.591003
61.396626
47.987564
42.657249
43.353062
57.422314
88.614937
134.854874
164.645874
190.072876
205.790619
205.683060
185.769623
182.790192
181.610001
176.604752
167.385056
157.003555
140.127060
121.084312
112.318748
97.598625
75.327126
59.254562
44.187061
21.268063
6.531562
3.875437
2.391687
10.289813
18.827625
128.374756
366.227356
551.404907
704.682678
895.695435
1022.049927
995.919922
1003.786438
1011.277954
963.997192
855.882813
769.643127
699.855347
640.881714
602.438538
588.415039
572.879700
482.961761
383.174377
280.061371
185.540878
94.836311
76.284874
93.280128
103.199249
93.365189
81.541313
72.834747
120.189377
182.586243
207.536194
232.352249
248.211563
192.144058
131.075928
111.974625
89.116440
83.363060
73.485374
76.658501
68.700439
76.607559
75.299316
74.554626
67.337502
86.763878
98.433624
117.277878
120.713249
132.885132
112.714378
107.501625
90.990623
94.526878
72.423065
80.417000
59.650749
43.282501
29.519814
21.331438
7.228125
4.662875
3.564000
1.916188
1.436500
0.908000
0.454625
0.345812
0.235813
0.206062
0.136187
0.077437
0.053312
0.068125
0.068000
0.053938
0.063813
0.058875
0.044062
0.039125
0.034437
0.024563
0.029563
0.039438
0.039438
0.039438
0.039563
0.039500
0.034563
0.034563
0.024813
0.024813
0.038875
0.038875
0.038875
0.043812
0.043688
0.024688
0.029688
0.034625
0.034625
0.034500
0.048937
0.063375
0.058438
0.058438
0.048687
0.034250
0.009875
0.014688
0.014688
0.024438
0.024438
0.024438
0.019625
0.024438
0.019625
0.019625
0.024563
0.047750
0.047875
0.047875
0.062312
0.062312
0.044062
0.053938
0.054000
0.044500
0.039563
0.029688
0.024375
0.019375
0.024187
0.029125
0.029125
0.014688
0.014688
0.004938
0.000000
0.000000
0.000000
0.000000
0.000000
0.000000
0.000000
0.000000
0.000000
0.000000
0.000000
0.000000
0.000000
0.000000
0.000000
0.000000
0.000000
0.000000
0.000000
0.000000
0.000000
0.000000
0.000000
0.000000
0.000000
0.000000
0.000000
0.000000
0.000000
0.000000
0.000000
0.000000
0.000000
0.000000
0.000000
0.000000
0.014437
0.033687
0.033687
0.033687
0.033687
0.019250
0.000000
0.000000
0.000000
0.000000
0.000000
0.000000
0.000000
0.000000
0.000000
0.000000
0.000000
0.000000
0.000000
0.004938
0.004938
0.014813
0.014813
0.019750
0.019750
0.034187
0.038937
0.038937
0.034000
0.029062
0.014625
0.000000
0.000000
0.000000
0.000000
0.000000
0.000000
0.000000
0.000000
0.004938
0.009875
0.014813
0.014813
0.014813
0.009875
0.004938
0.000000
0.000000
0.000000
0.000000
0.000000
0.000000
0.000000
0.000000
0.000000
0.000000
0.000000
0.000000
0.000000
0.000000
0.000000
0.000000
0.000000
0.000000
0.000000
0.000000
0.000000
0.000000
0.000000
0.009875
0.029313
0.064313
0.064313
0.074313
0.064438
0.045000
0.010000
0.010000
0.000000
0.000000
0.000000
0.000000
0.000000
0.000000
0.000000
0.000000
0.004938
0.004938
0.014688
0.014688
0.014688
0.009750
0.009750
0.000000
0.000000
0.000000
0.000000
0.000000
0.000000
0.000000
0.000000
0.000000
0.000000
0.000000
0.000000
0.000000
0.000000
0.000000
0.000000
0.000000
0.000000
0.000000
0.000000
0.000000
0.000000
0.000000
0.000000
0.000000
0.000000
0.000000
0.000000
0.000000
0.000000
0.000000
0.000000
0.000000
0.000000
0.000000
0.000000
0.000000
0.000000
0.000000
0.000000
0.000000
0.000000
0.000000
0.000000
0.000000
0.000000
0.000000
0.000000
0.000000
0.000000
0.000000
0.000000
0.000000
0.000000
0.000000
0.000000
0.000000
0.000000
0.000000
0.000000
0.000000
0.107250
6.987625
11.576875
28.168749
170.997498
422.125000
825.316711
1191.314453
1484.998047
1550.893433
1447.444824
1146.514648
873.143005
656.970886
578.686768
530.158142
463.884705
380.620514
301.325439
182.472687
93.949936
60.667873
55.392750
49.477001
45.685001
41.363125
36.228001
31.479439
24.658688
17.438126
11.192500
6.828500
2.901062
0.829313
0.254625
0.087375
0.000000
0.000000
0.000000
0.000000
0.000000
0.000000
0.000000
0.000000
0.000000
0.000000
0.000000
0.000000
0.000000
0.000000
0.000000
0.000000
0.000000
0.000000
0.000000
0.000000
0.000000
0.000000
0.000000
0.000000
0.000000
0.000000
0.000000
0.000000
0.004938
0.009875
0.014813
0.024688
0.029625
0.029625
0.029625
0.024688
0.014813
0.009875
0.004938
0.000000
0.000000
0.000000
0.000000
0.000000
0.000000
0.000000
0.000000
0.000000
0.000000
0.000000
0.000000
0.000000
0.000000
0.000000
0.000000
0.000000
0.000000
0.000000
0.000000
0.000000
0.000000
0.004938
0.009875
0.024500
0.029437
0.029437
0.024500
0.019562
0.004938
0.000000
0.000000
0.000000
0.000000
0.000000
0.000000
0.000000
0.000000
0.000000
0.000000
0.000000
0.000000
0.000000
0.000000
0.000000
0.000000
0.019750
0.024750
0.079000
0.970500
2.495750
4.556000
9.415625
18.255688
31.435125
40.390125
51.663750
67.317314
93.097000
102.351501
140.569244
168.777878
192.402435
211.180054
254.970627
261.667633
273.298798
272.177673
265.298431
247.092438
238.502441
240.091507
249.912872
246.574493
224.090378
218.312744
336.787750
466.118744
568.271729
640.913391
662.648804
532.905884
374.926178
250.436813
167.924438
116.883438
88.973877
82.837067
87.024437
93.751816
146.358124
473.277893
762.055908
1036.670898
1289.136841
1476.108398
1483.314697
1486.299805
1399.312378
1225.333252
1033.976196
715.556824
426.848938
233.074570
143.953568
101.779564
80.781624
69.481186
59.523064
58.137062
54.117188
59.563065
223.502502
457.348389
602.312256
759.304016
934.567322
849.870361
638.341980
503.678253
348.791199
169.130615
88.799751
64.287315
47.564938
35.967251
28.473499
22.223686
17.451374
15.138249
12.870749
10.371125
10.202500
25.009874
46.648876
56.289627
58.288376
56.879875
40.456627
16.872126
10.900750
59.482250
123.870750
156.916000
178.333557
185.828369
139.719620
78.701561
48.608063
29.154125
18.457937
25.716375
35.281437
38.309814
36.897999
34.899750
21.982061
8.296312
2.011812
1.083375
0.644375
1.986500
14.750813
76.487938
124.819061
146.223129
160.309433
163.244873
113.751495
69.265190
49.036125
34.581688
19.483625
7.902625
4.158437
3.601938
3.518938
48.705124
199.560684
303.618195
353.538330
372.087555
340.620819
214.847382
128.918686
88.302437
75.901436
67.268562
50.611061
44.700562
55.768314
86.010315
116.425873
181.205002
268.646240
356.667755
463.218445
551.177856
649.801636
667.666931
709.754028
690.763367
669.347107
582.593872
547.098022
474.592743
420.617188
389.269928
370.920807
349.346954
341.282196
336.573120
330.641632
329.461365
323.054749
311.653503
272.198822
223.922562
164.773376
113.766068
56.339500
30.456312
13.810250
7.362062
4.300625
3.266562
4.593312
6.579625
7.715125
9.487375
11.626125
35.671875
196.808823
379.965271
525.937317
636.384399
710.937805
679.673401
697.618103
795.748535
920.053101
1048.292969
1149.996460
1163.038818
1107.494385
1027.425659
903.062317
778.998413
632.786255
540.946960
453.255676
404.918182
325.309692
294.735931
244.539871
222.448883
203.161377
197.028748
173.523376
138.057495
109.500122
93.540939
180.480942
200.376694
246.699570
281.127930
352.018127
342.767181
377.542938
365.006683
325.113190
270.746765
191.549316
139.824371
114.641747
116.065750
96.502563
127.366684
172.026245
222.598755
286.804260
290.878052
334.114075
293.784424
313.910309
299.233063
404.824249
363.702240
408.291626
408.822235
424.079071
356.316437
330.805115
280.989685
200.728180
131.536560
79.487373
53.758686
38.625374
27.056625
16.774876
9.293313
5.135813
3.736000
3.662375
4.290812
5.975187
9.053625
12.143499
16.667000
26.991249
39.464626
52.354687
70.582687
87.599937
93.603813
105.166939
112.594063
114.420998
108.849625
114.513252
107.143623
105.834686
103.912315
104.980934
99.343689
94.281624
89.452560
83.265434
78.124435
74.196190
70.125626
61.208813
52.112625
41.849812
29.242563
19.944813
11.792313
5.067375
2.635937
2.337063
11.560438
65.921379
118.527008
208.251511
377.956818
555.698059
740.781860
969.126892
1240.303223
1402.473633
1551.531494
1593.093262
1581.147461
1472.767944
1446.674927
1399.355225
1371.480713
1371.775635
1359.983643
1260.590820
1126.098877
919.373352
704.712036
502.337769
336.252991
273.494019
370.349945
492.346619
649.596497
846.047119
1062.846924
1238.271729
1267.892212
1186.668091
996.496643
710.065430
402.229980
203.805252
94.506874
52.151188
37.538124
32.223438
30.947187
34.649815
164.258194
443.869446
628.960144
816.377136
1028.773560
1145.057861
1124.525635
1251.427979
1373.509644
1430.823853
1366.230225
1262.201538
1178.958862
1197.307251
1324.042480
1616.074341
1853.274658
1967.444946
1958.071899
1853.811035
1674.378052
1630.353760
1705.232788
1875.295654
2061.147705
2234.144287
2225.358643
2047.597290
1698.316406
1392.677979
1083.183228
908.059631
813.910400
826.335999
861.702332
949.103271
1017.668945
1045.901123
1034.972412
956.423706
838.404297
741.074341
713.303894
708.966064
709.056763
710.533264
739.304382
803.352173
920.652893
1094.686768
1329.751953
1499.381836
1593.858154
1523.319458
1354.184204
1035.609375
724.811401
440.665985
273.140747
149.255875
109.022247
87.690247
67.829689
50.396564
40.190624
63.428562
76.145065
101.386375
127.234123
163.519943
197.543121
239.577866
266.143005
321.745361
321.833374
305.952881
421.316437
595.987793
782.425171
987.425720
1212.726929
1307.818115
1360.061523
1326.461548
1234.433472
1023.365845
828.302368
624.086182
474.645508
407.282928
423.485138
425.249176
434.688141
424.174927
420.677490
421.714630
428.152985
512.044373
601.329956
728.584534
884.821899
1060.412598
1071.810425
950.218140
780.765076
572.669067
330.854187
157.027557
118.507004
82.401749
56.158623
36.879936
30.364937
41.936939
37.344501
43.250999
58.066315
65.150810
55.310062
58.590939
58.747063
48.149063
39.675877
31.749187
26.172501
51.324814
99.565567
179.170563
288.908203
431.756866
574.812805
712.590088
822.243958
884.585388
892.849487
845.762146
817.110596
795.376892
782.906799
802.890625
831.011475
852.180786
876.291077
903.773865
842.324219
747.679199
644.223877
522.356140
398.668304
367.543304
384.464813
522.870850
800.570129
1091.430054
1240.330322
1383.628418
1402.221191
1223.740356
967.664490
840.240540
723.356934
557.582703
419.413177
345.431641
262.153137
175.608627
121.487564
113.335060
127.412308
237.181183
405.395447
603.164734
815.015747
998.282471
1028.316162
1014.806519
971.957825
815.211914
702.332947
684.342407
553.033752
478.297180
479.220245
467.438507
417.042755
445.526764
421.898621
389.544250
359.615814
335.156189
362.871307
361.575806
382.093567
392.139862
410.275879
366.734375
386.669006
410.654358
401.385254
379.190063
371.878235
327.722931
284.257172
266.653198
253.014130
249.026505
244.048065
300.583191
455.964447
644.078064
880.764282
1074.432007
1148.167114
1087.896484
1014.810547
912.637817
744.465027
632.330994
551.657349
466.680756
364.644012
386.723175
453.192139
553.400757
668.717896
787.254761
874.513855
875.131348
822.077759
716.018372
600.453613
503.714386
490.463623
442.615265
372.327301
297.954498
222.680740
104.847374
45.194813
37.808189
35.476063
31.203875
29.680437
25.449875
18.930687
18.340063
72.961372
292.089417
521.040405
811.342468
1172.930542
1584.191162
1828.125610
2016.535767
2064.155762
1965.880371
1742.197876
1441.170410
1125.985474
859.837036
662.382080
486.172241
395.454742
374.067261
393.813751
428.397614
475.865112
543.275391
617.858215
676.479126
674.794067
628.889038
553.086670
463.531677
369.811951
325.562866
308.417877
299.182983
277.087250
244.537750
203.181503
158.699005
110.399246
76.441002
58.938313
50.484062
50.649189
126.408127
300.583069
455.775635
601.850525
777.535522
879.752380
863.440308
878.405945
902.879089
933.780457
953.178894
1003.903870
1037.983643
1068.803833
1069.744873
1059.370605
1017.213257
956.171814
847.066772
668.210449
515.099670
386.760559
308.509674
310.474762
393.092865
426.839996
422.687012
365.386078
274.417755
166.915558
101.632935
69.662560
77.127060
78.065002
77.810875
94.182190
250.637939
332.913208
396.733948
459.693451
473.713257
334.753754
275.269745
255.193054
225.593307
238.336060
273.195496
303.274506
350.471802
425.401184
522.076843
663.958130
820.973877
976.311279
1124.815186
1280.035889
1398.234375
1480.038452
1533.237183
1549.120972
1515.468750
1420.250488
1305.844360
1207.589600
1120.937012
995.281433
868.293152
753.457642
624.973572
498.780060
438.504150
410.571350
