2654.289712
3124.789617
2507.562575
2849.426838
2615.323404
2297.268041
2392.613797
2672.375326
1913.991294
3013.509122
3374.760604
2098.455212
3327.580839
2683.646777
3369.728008
2749.356307
2602.440885
2118.015568
2847.483890
2101.120023
2240.555086
2688.938715
2319.845444
1546.299831
2371.176515
1906.232216
3176.545973
2861.901034
3214.043967
2160.643230
2027.098391
1613.586800
2534.910162
2290.549344
2234.051990
3128.783978
2771.194961
4006.636392
2613.059015
3143.403579
2451.583304
2965.198073
2520.162954
1892.543646
1484.567461
1615.803370
1481.194158
2862.232790
4343.055495
2915.013536
3275.419839
2353.385957
2900.468287
4103.138237
2405.863612
1839.045263
2978.284056
4257.373194
3746.209181
3013.670509
1938.201920
1412.517309
1767.191434
3514.272091
2341.222086
1971.237394
1881.076213
1757.029281
1897.152787
1919.092455
1775.998485
1510.890808
2535.756428
2912.506276
3216.014405
2964.983310
2895.170767
3366.171146
2952.566637
2844.011850
2070.293555
2517.508424
2525.697234
2596.894237
2125.352227
3125.007923
2842.849514
2121.227075
2368.629491
2664.308666
2242.668553
3123.527331
3539.520838
2231.251618
1615.008727
1988.857728
2523.327127
2491.766663
4092.161711
5364.750339
3139.871597
3370.921640
3022.651021
2311.788456
1525.244939
3841.391783
3475.771344
2820.625230
3722.669820
2603.197108
2329.350872
1482.041544
1603.647602
2618.945926
3280.650186
2676.243777
3186.214793
3508.230450
2691.283416
2294.187507
2626.192769
3011.888658
1855.236555
2423.733609
3130.659873
1892.304372
3881.840920
2958.848039
2866.346050
3910.251666
2468.159443
1699.651593
2548.500255
1502.064349
2618.135241
3194.117597
3188.394512
3519.634538
3393.534514
2880.453674
4341.304177
4889.514380
3363.853386
1885.876648
2558.235547
2828.745950
3072.910277
2785.719672
2910.035185
2534.180070
2947.835671
2868.890762
1782.436852
5684.994542
16122.310477
32126.600084
58481.453724
96200.471608
131467.055151
118440.733367
110063.803554
98099.975967
73639.333264
75490.684250
72608.038193
114037.447705
203186.629292
225275.189880
176879.500663
131176.960740
120333.982781
138249.320651
102460.373946
54854.420209
50090.659379
49622.402543
41981.445369
38485.235449
100564.576700
105480.183719
77856.208095
59540.657861
57141.788375
66335.588657
56020.888409
51365.677227
49264.644596
52896.599630
61172.356624
69037.821445
44922.362731
19849.066353
18403.037166
19986.357329
59158.496104
86108.973303
70508.275621
58628.528341
