1343.378540
1813.878446
1196.651403
1538.515666
1304.412233
986.356869
1081.702625
1361.464154
603.080123
1702.597950
2063.849432
787.544040
2016.669668
1372.735606
2058.816837
1438.445136
1291.529714
807.104397
1536.572719
790.208852
929.643915
1378.027544
1008.934273
235.388659
1060.265344
595.321044
1865.634801
1550.989863
1903.132795
849.732059
716.187220
302.675629
1223.998990
979.638173
923.140819
1817.872807
1460.283789
2695.725221
1302.147844
1832.492408
1140.672133
1654.286902
1209.251783
581.632475
173.656290
304.892199
170.282987
1551.321619
3032.144324
1604.102365
1964.508667
1042.474786
1589.557116
2792.227065
1094.952441
528.134092
1667.372884
2946.462022
2435.298010
1702.759338
627.290749
101.606138
456.280262
2203.360920
1030.310914
660.326223
570.165041
446.118110
586.241616
608.181284
465.087313
199.979636
1224.845256
1601.595105
1905.103234
1654.072139
1433.338159
1904.338538
1490.734029
1382.179241
608.460947
1055.675815
1063.864626
1135.061629
663.519618
1663.175315
1366.239259
644.616821
892.019236
1187.698411
766.058299
1646.917077
2062.910584
754.641364
138.398473
512.247474
1046.716873
1015.156409
2615.551457
3888.140084
1663.261342
1894.311385
1546.040766
835.178202
48.634685
2364.781529
1999.161090
1344.014976
2246.059566
1126.586854
852.740618
14.766102
127.037347
1142.335672
1804.039932
1199.633523
1709.604538
2031.620196
1214.673162
817.577253
1149.582515
1535.278403
378.626301
947.123355
1654.049619
415.694118
2405.230665
1482.237784
1389.735796
2433.641411
991.549188
223.041338
1071.890000
25.454094
1141.524987
1717.507343
1711.784257
2043.024284
1916.924259
1403.843420
2864.693922
3412.904125
1887.243132
409.266394
1081.625292
1352.135696
1596.300023
1309.109418
1433.424931
1057.569816
1471.225417
1392.280508
305.826597
4208.384288
14645.700222
30649.989829
57004.843470
94723.861353
129990.444896
116964.123112
108587.193300
96561.178026
72100.535323
73951.886309
71069.240252
112498.649764
201647.831351
223736.391939
175340.702723
129638.162799
118795.184840
136678.773748
100889.827043
53283.873306
48520.112476
48051.855640
40410.898466
36914.688545
98994.029797
103909.636816
76285.661191
57970.110957
55571.241472
64765.041754
54450.341506
49795.130324
47694.097693
51326.052726
59601.809721
67467.274542
43351.815828
18278.519450
16832.490263
18415.810425
57587.949200
84538.426400
68937.728718
57057.981438
