245.012855
375.171932
207.626823
297.267741
234.905504
160.949751
179.625405
249.722933
99.243410
343.157693
449.200113
129.145185
435.016097
252.697880
447.680304
270.136426
231.591492
132.280708
296.727445
129.565107
151.910802
254.071776
164.534058
39.001298
174.519080
97.969970
390.258662
300.709120
401.291489
139.143319
117.593728
50.035111
214.424064
159.880712
150.876256
376.325871
275.998024
727.149809
234.340562
380.586471
193.848622
329.484599
210.763673
95.744761
28.832562
50.341555
28.230287
300.764756
932.488590
315.444260
419.461585
169.852751
311.366299
782.921941
182.823486
87.011018
333.166572
877.261467
588.488357
343.230478
103.191898
17.083534
75.193703
491.548732
167.931551
108.541272
93.857285
73.570808
96.469274
100.049600
76.680280
33.135802
214.631289
314.719661
401.872870
329.435600
256.494137
384.300100
271.301558
243.473547
100.207576
172.418683
173.730844
185.041531
109.179997
317.146415
238.424580
106.114341
146.219619
195.038580
125.863368
311.408403
428.334818
124.029030
23.086588
84.416897
171.028094
165.996087
600.545061
1387.604882
315.860052
379.867981
284.567585
137.063809
8.759657
518.034220
409.860029
232.890417
482.371613
183.763616
139.892631
4.303030
20.983236
186.223214
354.489297
197.871736
328.426732
419.241238
201.442150
134.210472
187.390680
281.730419
62.563983
155.077671
313.334735
68.654537
530.310375
267.936546
244.316483
538.965185
162.238048
36.973734
175.032738
5.598718
186.086818
330.587291
329.030056
422.550778
386.293663
247.882868
725.301775
1048.715530
377.884950
67.607815
176.589759
234.894861
297.858596
224.264530
255.386172
172.775204
265.074840
244.957324
50.597772
1644.698485
13398.402211
30701.454186
57707.050899
95735.191435
131128.650343
118064.397695
109658.252211
97604.232861
72974.538717
74842.582297
71933.570192
113612.315528
202950.257457
225062.266831
176607.458145
130808.354275
119931.517118
137885.198316
101966.184798
53917.569783
49062.553096
48584.377593
40750.421750
37140.668343
100060.869604
105000.437826
77201.763219
58679.251900
56243.320947
65564.474066
55104.006285
50363.660386
48218.914477
51924.242149
60334.483395
68297.618368
43773.345637
17295.330827
15673.985208
17448.301767
58291.388854
85518.657636
69783.884913
57753.390889
