2720.964549
3084.407110
2565.247029
2821.008856
2635.891950
2331.130432
2386.465460
2643.784339
1986.970600
2910.855268
3328.370070
2221.446699
3216.967423
2736.978843
3306.453090
2805.065986
2622.703396
2168.484352
2779.583935
2168.966415
2233.396219
2643.384465
2352.199347
1626.889784
2296.747841
1945.283779
3053.419751
2881.052906
3180.744860
2262.653395
2050.653892
1657.293510
2447.148495
2306.209260
2241.267717
3040.032351
2798.078700
3885.780621
2740.331178
3103.096338
2516.734609
2920.351726
2560.181832
1959.307466
1532.041462
1607.427180
1493.817461
2725.391255
4181.289069
3041.641091
3252.041964
2443.251559
2854.746614
3978.299072
2563.107161
1911.451454
2871.600794
4118.795952
3783.467859
3090.650245
2053.446754
1476.610254
1738.133315
3336.658211
2440.765700
2018.190225
1894.787614
1770.805115
1884.518020
1915.635011
1789.962137
1538.797941
2436.060577
2864.861706
3180.899135
2986.574893
2904.311179
3319.985149
2989.308489
2858.541514
2149.118352
2480.669416
2521.194452
2589.324258
2171.749430
3029.682072
2861.532770
2195.257646
2351.292306
2633.007029
2281.702401
3039.344837
3489.503237
2357.076782
1689.215534
1958.893508
2466.883764
2489.278373
3931.873375
5221.462640
3348.030704
3368.632546
3057.249174
2386.334529
1611.353900
3618.387992
3490.033009
2887.566009
3639.159438
2706.793343
2367.095120
1570.546903
1600.337532
2517.085085
3204.293675
2729.048768
3140.498189
3471.457224
2769.300798
2341.698837
2597.743375
2970.474129
1966.760314
2378.036279
3055.397513
2008.613688
3694.518194
3032.415055
2882.952951
3807.521793
2602.095680
1789.896003
2472.639828
1599.121898
2516.233905
3126.329227
3182.187983
3485.889882
3402.770051
2932.685312
4200.442288
4820.607170
3509.528767
2048.241862
2507.236178
2796.594972
3045.278746
2811.675580
2900.199224
2570.781986
2910.130302
2873.014716
1891.494640
5305.644547
15040.643868
30418.004437
55675.108753
92147.935262
127535.143103
119350.174354
110992.440648
99389.222454
76214.322221
75563.048048
72903.539183
109924.056792
193860.371903
222133.708036
181404.921468
136199.756888
121920.560215
136616.444584
105875.981061
59956.576370
51077.251093
49767.887400
42760.089584
38912.720868
94399.391025
104372.104433
80507.797768
61637.371883
57591.346733
65461.164452
56964.916028
51925.601115
49530.740252
52560.013687
60311.122318
68165.151520
47246.641645
22588.823923
18821.615848
19869.883179
55229.634753
83021.039402
71759.552018
59941.630729
