1310.911171
1310.911171
1310.911171
1310.911171
1310.911171
1310.911171
1310.911171
1310.911171
1310.911171
1310.911171
1310.911171
1310.911171
1310.911171
1310.911171
1310.911171
1310.911171
1310.911171
1310.911171
1310.911171
1310.911171
1310.911171
1310.911171
1310.911171
1310.911171
1310.911171
1310.911171
1310.911171
1310.911171
1310.911171
1310.911171
1310.911171
1310.911171
1310.911171
1310.911171
1310.911171
1310.911171
1310.911171
1310.911171
1310.911171
1310.911171
1310.911171
1310.911171
1310.911171
1310.911171
1310.911171
1310.911171
1310.911171
1310.911171
1310.911171
1310.911171
1310.911171
1310.911171
1310.911171
1310.911171
1310.911171
1310.911171
1310.911171
1310.911171
1310.911171
1310.911171
1310.911171
1310.911171
1310.911171
1310.911171
1310.911171
1310.911171
1310.911171
1310.911171
1310.911171
1310.911171
1310.911171
1310.911171
1310.911171
1310.911171
1310.911171
1310.911171
1461.832608
1461.832608
1461.832608
1461.832608
1461.832608
1461.832608
1461.832608
1461.832608
1461.832608
1461.832608
1476.610254
1476.610254
1476.610254
1476.610254
1476.610254
1476.610254
1476.610254
1476.610254
1476.610254
1476.610254
1476.610254
1476.610254
1476.610254
1476.610254
1476.610254
1476.610254
1476.610254
1476.610254
1476.610254
1476.610254
1476.610254
1476.610254
1476.610254
1476.610254
1476.610254
1476.610254
1476.610254
1476.610254
1476.610254
1476.610254
1476.610254
1476.610254
1476.610254
1476.610254
1476.610254
1476.610254
1476.610254
1476.610254
1476.610254
1476.610254
1476.610254
1476.610254
1476.610254
1476.610254
1476.610254
1476.610254
1476.610254
1476.610254
1476.610254
1476.610254
1476.610254
1476.610254
1476.610254
1476.610254
1476.610254
1476.610254
1476.610254
1476.610254
1476.610254
1476.610254
1476.610254
1476.610254
1476.610254
1476.610254
1476.610254
1476.610254
1476.610254
1476.610254
1476.610254
1476.610254
1476.610254
1476.610254
1476.610254
1476.610254
1476.610254
1538.797941
1538.797941
1538.797941
1538.797941
1538.797941
1538.797941
1538.797941
1538.797941
1538.797941
1538.797941
1570.546903
1570.546903
1570.546903
1570.546903
1570.546903
1570.546903
1570.546903
1570.546903
1570.546903
1570.546903
1570.546903
1570.546903
1570.546903
1570.546903
1570.546903
1570.546903
1570.546903
1570.546903
1570.546903
1570.546903
1570.546903
1570.546903
1570.546903
1570.546903
1570.546903
1570.546903
1570.546903
