30
-3
3
                  0
   0.000045113029441
   0.000091595295127
   0.000139483566044
   0.000188815437940
   0.000239629346836
   0.000291964582612
   0.000345861302655
   0.000401360545558
   0.000458504244873
   0.000517335242907
   0.000577897304565
   0.000640235131220
   0.000704394374611
   0.000770421650771
   0.000838364553959
   0.000908271670612
   0.000980192593290
   0.001054177934623
   0.001130279341239
   0.001208549507681
   0.001289042190287
   0.001371812221045
   0.001456915521393
   0.001544409115984
   0.001634351146372
   0.001726800884648
   0.001821818746984
   0.001919466307102
   0.002019806309640
   0.002122902683420
   0.002228820554591
   0.002337626259662
   0.002449387358390
   0.002564172646525
   0.002682052168406
   0.002803097229383
   0.002927380408075
   0.003054975568423
   0.003185957871565
   0.003320403787485
   0.003458391106453
   0.003599998950221
   0.003745307782985
   0.003894399422084
   0.004047357048434
   0.004204265216678
   0.004365209865046
   0.004530278324905
   0.004699559329994
   0.004873143025327
   0.005051120975750
   0.005233586174142
   0.005420633049243
   0.005612357473100
   0.005808856768117
   0.006010229713688
   0.006216576552412
   0.006427998995864
   0.006644600229921
   0.006866484919610
   0.007093759213493
   0.007326530747541
   0.007564908648512
   0.007809003536801
   0.008058927528758
   0.008314794238453
   0.008576718778879
   0.008844817762575
   0.009119209301660
   0.009400013007259
   0.009687349988307
   0.009981342849723
   0.010282115689934
   0.010589794097738
   0.010904505148491
   0.011226377399606
   0.011555540885348
   0.011892127110915
   0.012236269045791
   0.012588101116354
   0.012947759197727
   0.013315380604870
   0.013691104082879
   0.014075069796507
   0.014467419318860
   0.014868295619299
   0.015277843050493
   0.015696207334645
   0.016123535548855
   0.016559976109636
   0.017005678756537
   0.017460794534899
   0.017925475777708
   0.018399876086546
   0.018884150311632
   0.019378454530936
   0.019882946028368
   0.020397783271021
   0.020923125885474
   0.021459134633135
   0.022005971384627
   0.022563799093200
   0.023132781767175
   0.023713084441403
   0.024304873147744
   0.024908314884547
   0.025523577585145
   0.026150830085348
   0.026790242089934
   0.027441984138135
   0.028106227568123
   0.028783144480481
   0.029472907700672
   0.030175690740492
   0.030891667758524
   0.031621013519574
   0.032363903353108
   0.033120513110686
   0.033891019122384
   0.034675598152233
   0.035474427352653
   0.036287684217906
   0.037115546536556
   0.037958192342962
   0.038815799867796
   0.039688547487595
   0.040576613673365
   0.041480176938237
   0.042399415784181
   0.043334508647807
   0.044285633845243
   0.045252969516111
   0.046236693566619
   0.047236983611774
   0.048254016916731
   0.049287970337302
   0.050339020259629
   0.051407342539045
   0.052493112438135
   0.053596504564025
   0.054717692804901
   0.055856850265802
   0.057014149203675
   0.058189760961748
   0.059383855903217
   0.060596603344279
   0.061828171486538
   0.063078727348802
   0.064348436698298
   0.065637463981335
   0.066945972253430
   0.068274123108937
   0.069622076610202
   0.070989991216267
   0.072378023711164
   0.073786329131813
   0.075215060695572
   0.076664369727457
   0.078134405587073
   0.079625315595277
   0.081137244960622
   0.082670336705602
   0.084224731592740
   0.085800568050551
   0.087397982099415
   0.089017107277399
   0.090658074566065
   0.092321012316293
   0.094006046174168
   0.095713299006962
   0.097442890829252
   0.099194938729209
   0.100969556795108
   0.102766856042083
   0.104586944339181
   0.106429926336747
   0.108295903394188
   0.110184973508148
   0.112097231241143
   0.114032767650695
   0.115991670219005
   0.117974022783209
   0.119979905466263
   0.122009394608485
   0.124062562699820
   0.126139478312844
   0.128240206036570
   0.130364806411089
   0.132513335863091
   0.134685846642306
   0.136882386758910
   0.139102999921937
   0.141347725478744
   0.143616598355560
   0.145909648999170
   0.148226903319775
   0.150568382635065
   0.152934103615549
   0.155324078231183
   0.157738313699330
   0.160176812434105
   0.162639571997131
   0.165126585049754
   0.167637839306749
   0.170173317491560
   0.172732997293111
   0.175316851324221
   0.177924847081666
   0.180556946907917
   0.183213107954587
   0.185893282147638
   0.188597416154360
   0.191325451352163
   0.194077323799225
   0.196852964207007
   0.199652297914683
   0.202475244865502
   0.205321719585121
   0.208191631161923
   0.211084883229367
   0.214001373950370
   0.216940996003769
   0.219903636572871
   0.222889177336123
   0.225897494459912
   0.228928458593533
   0.231981934866327
   0.235057782887012
   0.238155856745230
   0.241276005015319
   0.244418070762326
   0.247581891550274
   0.250767299452694
   0.253974121065437
   0.257202177521768
   0.260451284509757
   0.263721252291966
   0.267011885727444
   0.270322984296036
   0.273654342124992
   0.277005748017903
   0.280376985485936
   0.283767832781396
   0.287178062933578
   0.290607443786939
   0.294055738041557
   0.297522703295887
   0.301008092091794
   0.304511651961861
   0.308033125478957
   0.311572250308050
   0.315128759260257
   0.318702380349105
   0.322292836849000
   0.325899847355870
   0.329523125849973
   0.333162381760844
   0.336817320034361
   0.340487641201901
   0.344173041451563
   0.347873212701437
   0.351587842674881
   0.355316614977778
   0.359059209177754
   0.362815300885307
   0.366584561836826
   0.370366659979461
   0.374161259557812
   0.377968021202390
   0.381786602019826
   0.385616655684773
   0.389457832533476
   0.393309779658953
   0.397172141007759
   0.401044557478272
   0.404926667020477
   0.408818104737180
   0.412718502986622
   0.416627491486438
   0.420544697418909
   0.424469745537465
   0.428402258274383
   0.432341855849628
   0.436288156380791
   0.440240775994062
   0.444199328936193
   0.448163427687388
   0.452132683075075
   0.456106704388494
   0.460085099494055
   0.464067474951395
   0.468053436130098
   0.472042587326998
   0.476034531884020
   0.480028872306498
   0.484025210381911
   0.488023147298978
   0.492022283767048
   0.496022220135732
   0.500022556514720
   0.504022892893709
   0.508022829262393
   0.512021965730463
   0.516019902647530
   0.520016240722943
   0.524010581145421
   0.528002525702443
   0.531991676899342
   0.535977638078046
   0.539960013535386
   0.543938408640947
   0.547912429954366
   0.551881685342053
   0.555845784093248
   0.559804337035378
   0.563756956648650
   0.567703257179813
   0.571642854755058
   0.575575367491976
   0.579500415610532
   0.583417621543003
   0.587326610042819
   0.591227008292261
   0.595118446008964
   0.599000555551169
   0.602872972021682
   0.606735333370487
   0.610587280495965
   0.614428457344668
   0.618258511009615
   0.622077091827050
   0.625883853471629
   0.629678453049979
   0.633460551192615
   0.637229812144133
   0.640985903851686
   0.644728498051663
   0.648457270354560
   0.652171900328004
   0.655872071577878
   0.659557471827540
   0.663227792995080
   0.666882731268597
   0.670521987179468
   0.674145265673571
   0.677752276180441
   0.681342732680336
   0.684916353769184
   0.688472862721391
   0.692011987550484
   0.695533461067579
   0.699037020937646
   0.702522409733554
   0.705989374987884
   0.709437669242502
   0.712867050095863
   0.716277280248045
   0.719668127543505
   0.723039365011538
   0.726390770904449
   0.729722128733405
   0.733033227301997
   0.736323860737475
   0.739593828519684
   0.742842935507673
   0.746070991964004
   0.749277813576747
   0.752463221479167
   0.755627042267115
   0.758769108014122
   0.761889256284211
   0.764987330142429
   0.768063178163114
   0.771116654435908
   0.774147618569529
   0.777155935693318
   0.780141476456569
   0.783104117025672
   0.786043739079071
   0.788960229800074
   0.791853481867518
   0.794723393444320
   0.797569868163939
   0.800392815114758
   0.803192148822434
   0.805967789230216
   0.808719661677278
   0.811447696875081
   0.814151830881802
   0.816832005074854
   0.819488166121524
   0.822120265947775
   0.824728261705220
   0.827312115736330
   0.829871795537881
   0.832407273722692
   0.834918527979686
   0.837405541032310
   0.839868300595336
   0.842306799330111
   0.844721034798258
   0.847111009413892
   0.849476730394376
   0.851818209709666
   0.854135464030271
   0.856428514673881
   0.858697387550696
   0.860942113107504
   0.863162726270531
   0.865359266387134
   0.867531777166349
   0.869680306618352
   0.871804906992871
   0.873905634716597
   0.875982550329621
   0.878035718420956
   0.880065207563178
   0.882071090246232
   0.884053442810436
   0.886012345378746
   0.887947881788298
   0.889860139521293
   0.891749209635253
   0.893615186692694
   0.895458168690260
   0.897278256987358
   0.899075556234333
   0.900850174300232
   0.902602222200189
   0.904331814022479
   0.906039066855273
   0.907724100713147
   0.909387038463375
   0.911028005752042
   0.912647130930026
   0.914244544978890
   0.915820381436701
   0.917374776323839
   0.918907868068819
   0.920419797434164
   0.921910707442368
   0.923380743301983
   0.924830052333869
   0.926258783897628
   0.927667089318277
   0.929055121813174
   0.930423036419239
   0.931770989920504
   0.933099140776011
   0.934407649048106
   0.935696676331143
   0.936966385680639
   0.938216941542903
   0.939448509685162
   0.940661257126224
   0.941855352067693
   0.943030963825766
   0.944188262763639
   0.945327420224540
   0.946448608465416
   0.947552000591306
   0.948637770490396
   0.949706092769812
   0.950757142692139
   0.951791096112710
   0.952808129417667
   0.953808419462821
   0.954792143513329
   0.955759479184197
   0.956710604381633
   0.957645697245260
   0.958564936091204
   0.959468499356076
   0.960356565541846
   0.961229313161645
   0.962086920686479
   0.962929566492885
   0.963757428811535
   0.964570685676787
   0.965369514877208
   0.966154093907057
   0.966924599918755
   0.967681209676332
   0.968424099509867
   0.969153445270917
   0.969869422288948
   0.970572205328769
   0.971261968548960
   0.971938885461318
   0.972603128891306
   0.973254870939507
   0.973894282944093
   0.974521535444296
   0.975136798144894
   0.975740239881697
   0.976332028588038
   0.976912331262266
   0.977481313936241
   0.978039141644814
   0.978585978396305
   0.979121987143967
   0.979647329758420
   0.980162167001073
   0.980666658498505
   0.981160962717809
   0.981645236942895
   0.982119637251733
   0.982584318494541
   0.983039434272904
   0.983485136919805
   0.983921577480585
   0.984348905694796
   0.984767269978947
   0.985176817410142
   0.985577693710581
   0.985970043232934
   0.986354008946561
   0.986729732424571
   0.987097353831714
   0.987457011913087
   0.987808843983649
   0.988152985918526
   0.988489572144093
   0.988818735629835
   0.989140607880949
   0.989455318931702
   0.989762997339507
   0.990063770179718
   0.990357763041134
   0.990645100022182
   0.990925903727781
   0.991200295266866
   0.991468394250562
   0.991730318790988
   0.991986185500683
   0.992236109492640
   0.992480204380929
   0.992718582281899
   0.992951353815947
   0.993178628109830
   0.993400512799520
   0.993617114033576
   0.993828536477029
   0.994034883315752
   0.994236256261324
   0.994432755556341
   0.994624479980198
   0.994811526855299
   0.994993992053691
   0.995171970004114
   0.995345553699447
   0.995514834704536
   0.995679903164395
   0.995840847812762
   0.995997755981007
   0.996150713607357
   0.996299805246456
   0.996445114079220
   0.996586721922988
   0.996724709241955
   0.996859155157876
   0.996990137461018
   0.997117732621366
   0.997242015800057
   0.997363060861035
   0.997480940382916
   0.997595725671051
   0.997707486769778
   0.997816292474850
   0.997922210346021
   0.998025306719801
   0.998125646722339
   0.998223294282457
   0.998318312144793
   0.998410761883068
   0.998500703913457
   0.998588197508047
   0.998673300808396
   0.998756070839153
   0.998836563521760
   0.998914833688201
   0.998990935094818
   0.999064920436150
   0.999136841358828
   0.999206748475481
   0.999274691378670
   0.999340718654829
   0.999404877898221
   0.999467215724876
   0.999527777786534
   0.999586608784568
   0.999643752483882
   0.999699251726786
   0.999753148446829
   0.999805483682605
   0.999856297591501
   0.999905629463396
   0.999953517734314
   1.000000000000000